0	-0.960398 -0.152112 0.233445	0.230571 0.036519 0.972370	32.279977 5.112646 171.131789
1	-0.924779 -0.300479 0.233445	0.222020 0.072139 0.972370	31.082763 10.099402 171.131789
2	-0.866388 -0.441447 0.233445	0.208001 0.105982 0.972370	29.120188 14.837477 171.131789
3	-0.786664 -0.571545 0.233445	0.188861 0.137216 0.972370	26.440577 19.210204 171.131789
4	-0.687569 -0.687569 0.233445	0.165071 0.165071 0.972370	23.109912 23.109912 171.131789
5	-0.571545 -0.786664 0.233445	0.137216 0.188861 0.972370	19.210204 26.440577 171.131789
6	-0.441447 -0.866388 0.233445	0.105982 0.208001 0.972370	14.837477 29.120188 171.131789
7	-0.300479 -0.924779 0.233445	0.072139 0.222020 0.972370	10.099402 31.082763 171.131789
8	-0.152112 -0.960398 0.233445	0.036519 0.230571 0.972370	5.112646 32.279977 171.131789
9	-0.000000 -0.972370 0.233445	0.000000 0.233445 0.972370	0.000000 32.682351 171.131789
10	0.152112 -0.960398 0.233445	-0.036519 0.230571 0.972370	-5.112646 32.279977 171.131789
11	0.300479 -0.924779 0.233445	-0.072139 0.222020 0.972370	-10.099402 31.082763 171.131789
12	0.441447 -0.866388 0.233445	-0.105982 0.208001 0.972370	-14.837477 29.120188 171.131789
13	0.571545 -0.786664 0.233445	-0.137216 0.188861 0.972370	-19.210204 26.440577 171.131789
14	0.687569 -0.687569 0.233445	-0.165071 0.165071 0.972370	-23.109912 23.109912 171.131789
15	0.786664 -0.571545 0.233445	-0.188861 0.137216 0.972370	-26.440577 19.210204 171.131789
16	0.866388 -0.441447 0.233445	-0.208001 0.105982 0.972370	-29.120188 14.837477 171.131789
17	0.924779 -0.300479 0.233445	-0.222020 0.072139 0.972370	-31.082763 10.099402 171.131789
18	0.960398 -0.152112 0.233445	-0.230571 0.036519 0.972370	-32.279977 5.112646 171.131789
19	0.972370 -0.000000 0.233445	-0.233445 0.000000 0.972370	-32.682351 0.000000 171.131789
20	0.960398 0.152112 0.233445	-0.230571 -0.036519 0.972370	-32.279977 -5.112646 171.131789
21	0.924779 0.300479 0.233445	-0.222020 -0.072139 0.972370	-31.082763 -10.099402 171.131789
22	0.866388 0.441447 0.233445	-0.208001 -0.105982 0.972370	-29.120188 -14.837477 171.131789
23	0.786664 0.571545 0.233445	-0.188861 -0.137216 0.972370	-26.440577 -19.210204 171.131789
24	0.687569 0.687569 0.233445	-0.165071 -0.165071 0.972370	-23.109912 -23.109912 171.131789
25	0.571545 0.786664 0.233445	-0.137216 -0.188861 0.972370	-19.210204 -26.440577 171.131789
26	0.441447 0.866388 0.233445	-0.105982 -0.208001 0.972370	-14.837477 -29.120188 171.131789
27	0.300479 0.924779 0.233445	-0.072139 -0.222020 0.972370	-10.099402 -31.082763 171.131789
28	0.152112 0.960398 0.233445	-0.036519 -0.230571 0.972370	-5.112646 -32.279977 171.131789
29	0.000000 0.972370 0.233445	-0.000000 -0.233445 0.972370	-0.000000 -32.682351 171.131789
30	-0.152112 0.960398 0.233445	0.036519 -0.230571 0.972370	5.112646 -32.279977 171.131789
31	-0.300479 0.924779 0.233445	0.072139 -0.222020 0.972370	10.099402 -31.082763 171.131789
32	-0.441447 0.866388 0.233445	0.105982 -0.208001 0.972370	14.837477 -29.120188 171.131789
33	-0.571545 0.786664 0.233445	0.137216 -0.188861 0.972370	19.210204 -26.440577 171.131789
34	-0.687569 0.687569 0.233445	0.165071 -0.165071 0.972370	23.109912 -23.109912 171.131789
35	-0.786664 0.571545 0.233445	0.188861 -0.137216 0.972370	26.440577 -19.210204 171.131789
36	-0.866388 0.441447 0.233445	0.208001 -0.105982 0.972370	29.120188 -14.837477 171.131789
37	-0.924779 0.300479 0.233445	0.222020 -0.072139 0.972370	31.082763 -10.099402 171.131789
38	-0.960398 0.152112 0.233445	0.230571 -0.036519 0.972370	32.279977 -5.112646 171.131789
39	-0.972370 0.000000 0.233445	0.233445 -0.000000 0.972370	32.682351 -0.000000 171.131789
40	-0.915769 -0.145044 0.374607	0.369995 0.058601 0.927184	51.799239 8.204193 164.805740
41	-0.881804 -0.286516 0.374607	0.356272 0.115760 0.927184	49.878086 16.206372 164.805740
42	-0.826127 -0.420933 0.374607	0.333777 0.170068 0.927184	46.728769 23.809497 164.805740
43	-0.750107 -0.544985 0.374607	0.303063 0.220188 0.927184	42.428834 30.826352 164.805740
44	-0.655618 -0.655618 0.374607	0.264887 0.264887 0.927184	37.084161 37.084161 164.805740
45	-0.544985 -0.750107 0.374607	0.220188 0.303063 0.927184	30.826352 42.428834 164.805740
46	-0.420933 -0.826127 0.374607	0.170068 0.333777 0.927184	23.809497 46.728769 164.805740
47	-0.286516 -0.881804 0.374607	0.115760 0.356272 0.927184	16.206372 49.878086 164.805740
48	-0.145044 -0.915769 0.374607	0.058601 0.369995 0.927184	8.204193 51.799239 164.805740
49	-0.000000 -0.927184 0.374607	0.000000 0.374607 0.927184	0.000000 52.444923 164.805740
50	0.145044 -0.915769 0.374607	-0.058601 0.369995 0.927184	-8.204193 51.799239 164.805740
51	0.286516 -0.881804 0.374607	-0.115760 0.356272 0.927184	-16.206372 49.878086 164.805740
52	0.420933 -0.826127 0.374607	-0.170068 0.333777 0.927184	-23.809497 46.728769 164.805740
53	0.544985 -0.750107 0.374607	-0.220188 0.303063 0.927184	-30.826352 42.428834 164.805740
54	0.655618 -0.655618 0.374607	-0.264887 0.264887 0.927184	-37.084161 37.084161 164.805740
55	0.750107 -0.544985 0.374607	-0.303063 0.220188 0.927184	-42.428834 30.826352 164.805740
56	0.826127 -0.420933 0.374607	-0.333777 0.170068 0.927184	-46.728769 23.809497 164.805740
57	0.881804 -0.286516 0.374607	-0.356272 0.115760 0.927184	-49.878086 16.206372 164.805740
58	0.915769 -0.145044 0.374607	-0.369995 0.058601 0.927184	-51.799239 8.204193 164.805740
59	0.927184 -0.000000 0.374607	-0.374607 0.000000 0.927184	-52.444923 0.000000 164.805740
60	0.915769 0.145044 0.374607	-0.369995 -0.058601 0.927184	-51.799239 -8.204193 164.805740
61	0.881804 0.286516 0.374607	-0.356272 -0.115760 0.927184	-49.878086 -16.206372 164.805740
62	0.826127 0.420933 0.374607	-0.333777 -0.170068 0.927184	-46.728769 -23.809497 164.805740
63	0.750107 0.544985 0.374607	-0.303063 -0.220188 0.927184	-42.428834 -30.826352 164.805740
64	0.655618 0.655618 0.374607	-0.264887 -0.264887 0.927184	-37.084161 -37.084161 164.805740
65	0.544985 0.750107 0.374607	-0.220188 -0.303063 0.927184	-30.826352 -42.428834 164.805740
66	0.420933 0.826127 0.374607	-0.170068 -0.333777 0.927184	-23.809497 -46.728769 164.805740
67	0.286516 0.881804 0.374607	-0.115760 -0.356272 0.927184	-16.206372 -49.878086 164.805740
68	0.145044 0.915769 0.374607	-0.058601 -0.369995 0.927184	-8.204193 -51.799239 164.805740
69	0.000000 0.927184 0.374607	-0.000000 -0.374607 0.927184	-0.000000 -52.444923 164.805740
70	-0.145044 0.915769 0.374607	0.058601 -0.369995 0.927184	8.204193 -51.799239 164.805740
71	-0.286516 0.881804 0.374607	0.115760 -0.356272 0.927184	16.206372 -49.878086 164.805740
72	-0.420933 0.826127 0.374607	0.170068 -0.333777 0.927184	23.809497 -46.728769 164.805740
73	-0.544985 0.750107 0.374607	0.220188 -0.303063 0.927184	30.826352 -42.428834 164.805740
74	-0.655618 0.655618 0.374607	0.264887 -0.264887 0.927184	37.084161 -37.084161 164.805740
75	-0.750107 0.544985 0.374607	0.303063 -0.220188 0.927184	42.428834 -30.826352 164.805740
76	-0.826127 0.420933 0.374607	0.333777 -0.170068 0.927184	46.728769 -23.809497 164.805740
77	-0.881804 0.286516 0.374607	0.356272 -0.115760 0.927184	49.878086 -16.206372 164.805740
78	-0.915769 0.145044 0.374607	0.369995 -0.058601 0.927184	51.799239 -8.204193 164.805740
79	-0.927184 0.000000 0.374607	0.374607 -0.000000 0.927184	52.444923 -0.000000 164.805740
80	-0.851021 -0.134788 0.507538	0.501290 0.079396 0.861629	70.180561 11.115509 155.628082
81	-0.819458 -0.266258 0.507538	0.482698 0.156838 0.861629	67.577673 21.957317 155.628082
82	-0.767717 -0.391171 0.507538	0.452220 0.230418 0.861629	63.310799 32.258463 155.628082
83	-0.697073 -0.506453 0.507538	0.410607 0.298324 0.861629	57.485003 41.765299 155.628082
84	-0.609264 -0.609264 0.507538	0.358884 0.358884 0.861629	50.243735 50.243735 155.628082
85	-0.506453 -0.697073 0.507538	0.298324 0.410607 0.861629	41.765299 57.485003 155.628082
86	-0.391171 -0.767717 0.507538	0.230418 0.452220 0.861629	32.258463 63.310799 155.628082
87	-0.266258 -0.819458 0.507538	0.156838 0.482698 0.861629	21.957317 67.577673 155.628082
88	-0.134788 -0.851021 0.507538	0.079396 0.501290 0.861629	11.115509 70.180561 155.628082
89	-0.000000 -0.861629 0.507538	0.000000 0.507538 0.861629	0.000000 71.055371 155.628082
90	0.134788 -0.851021 0.507538	-0.079396 0.501290 0.861629	-11.115509 70.180561 155.628082
91	0.266258 -0.819458 0.507538	-0.156838 0.482698 0.861629	-21.957317 67.577673 155.628082
92	0.391171 -0.767717 0.507538	-0.230418 0.452220 0.861629	-32.258463 63.310799 155.628082
93	0.506453 -0.697073 0.507538	-0.298324 0.410607 0.861629	-41.765299 57.485003 155.628082
94	0.609264 -0.609264 0.507538	-0.358884 0.358884 0.861629	-50.243735 50.243735 155.628082
95	0.697073 -0.506453 0.507538	-0.410607 0.298324 0.861629	-57.485003 41.765299 155.628082
96	0.767717 -0.391171 0.507538	-0.452220 0.230418 0.861629	-63.310799 32.258463 155.628082
97	0.819458 -0.266258 0.507538	-0.482698 0.156838 0.861629	-67.577673 21.957317 155.628082
98	0.851021 -0.134788 0.507538	-0.501290 0.079396 0.861629	-70.180561 11.115509 155.628082
99	0.861629 -0.000000 0.507538	-0.507538 0.000000 0.861629	-71.055371 0.000000 155.628082
100	0.851021 0.134788 0.507538	-0.501290 -0.079396 0.861629	-70.180561 -11.115509 155.628082
101	0.819458 0.266258 0.507538	-0.482698 -0.156838 0.861629	-67.577673 -21.957317 155.628082
102	0.767717 0.391171 0.507538	-0.452220 -0.230418 0.861629	-63.310799 -32.258463 155.628082
103	0.697073 0.506453 0.507538	-0.410607 -0.298324 0.861629	-57.485003 -41.765299 155.628082
104	0.609264 0.609264 0.507538	-0.358884 -0.358884 0.861629	-50.243735 -50.243735 155.628082
105	0.506453 0.697073 0.507538	-0.298324 -0.410607 0.861629	-41.765299 -57.485003 155.628082
106	0.391171 0.767717 0.507538	-0.230418 -0.452220 0.861629	-32.258463 -63.310799 155.628082
107	0.266258 0.819458 0.507538	-0.156838 -0.482698 0.861629	-21.957317 -67.577673 155.628082
108	0.134788 0.851021 0.507538	-0.079396 -0.501290 0.861629	-11.115509 -70.180561 155.628082
109	0.000000 0.861629 0.507538	-0.000000 -0.507538 0.861629	-0.000000 -71.055371 155.628082
110	-0.134788 0.851021 0.507538	0.079396 -0.501290 0.861629	11.115509 -70.180561 155.628082
111	-0.266258 0.819458 0.507538	0.156838 -0.482698 0.861629	21.957317 -67.577673 155.628082
112	-0.391171 0.767717 0.507538	0.230418 -0.452220 0.861629	32.258463 -63.310799 155.628082
113	-0.506453 0.697073 0.507538	0.298324 -0.410607 0.861629	41.765299 -57.485003 155.628082
114	-0.609264 0.609264 0.507538	0.358884 -0.358884 0.861629	50.243735 -50.243735 155.628082
115	-0.697073 0.506453 0.507538	0.410607 -0.298324 0.861629	57.485003 -41.765299 155.628082
116	-0.767717 0.391171 0.507538	0.452220 -0.230418 0.861629	63.310799 -32.258463 155.628082
117	-0.819458 0.266258 0.507538	0.482698 -0.156838 0.861629	67.577673 -21.957317 155.628082
118	-0.851021 0.134788 0.507538	0.501290 -0.079396 0.861629	70.180561 -11.115509 155.628082
119	-0.861629 0.000000 0.507538	0.507538 -0.000000 0.861629	71.055371 -0.000000 155.628082
120	-0.767578 -0.121572 0.629320	0.621572 0.098447 0.777146	87.020138 13.782636 143.800435
121	-0.739110 -0.240151 0.629320	0.598519 0.194471 0.777146	83.792696 27.225897 143.800435
122	-0.692442 -0.352817 0.629320	0.560729 0.285705 0.777146	78.502000 39.998767 143.800435
123	-0.628724 -0.456795 0.629320	0.509131 0.369905 0.777146	71.278325 51.786734 143.800435
124	-0.549525 -0.549525 0.629320	0.444997 0.444997 0.777146	62.299540 62.299540 143.800435
125	-0.456795 -0.628724 0.629320	0.369905 0.509131 0.777146	51.786734 71.278325 143.800435
126	-0.352817 -0.692442 0.629320	0.285705 0.560729 0.777146	39.998767 78.502000 143.800435
127	-0.240151 -0.739110 0.629320	0.194471 0.598519 0.777146	27.225897 83.792696 143.800435
128	-0.121572 -0.767578 0.629320	0.098447 0.621572 0.777146	13.782636 87.020138 143.800435
129	-0.000000 -0.777146 0.629320	0.000000 0.629320 0.777146	0.000000 88.104855 143.800435
130	0.121572 -0.767578 0.629320	-0.098447 0.621572 0.777146	-13.782636 87.020138 143.800435
131	0.240151 -0.739110 0.629320	-0.194471 0.598519 0.777146	-27.225897 83.792696 143.800435
132	0.352817 -0.692442 0.629320	-0.285705 0.560729 0.777146	-39.998767 78.502000 143.800435
133	0.456795 -0.628724 0.629320	-0.369905 0.509131 0.777146	-51.786734 71.278325 143.800435
134	0.549525 -0.549525 0.629320	-0.444997 0.444997 0.777146	-62.299540 62.299540 143.800435
135	0.628724 -0.456795 0.629320	-0.509131 0.369905 0.777146	-71.278325 51.786734 143.800435
136	0.692442 -0.352817 0.629320	-0.560729 0.285705 0.777146	-78.502000 39.998767 143.800435
137	0.739110 -0.240151 0.629320	-0.598519 0.194471 0.777146	-83.792696 27.225897 143.800435
138	0.767578 -0.121572 0.629320	-0.621572 0.098447 0.777146	-87.020138 13.782636 143.800435
139	0.777146 -0.000000 0.629320	-0.629320 0.000000 0.777146	-88.104855 0.000000 143.800435
140	0.767578 0.121572 0.629320	-0.621572 -0.098447 0.777146	-87.020138 -13.782636 143.800435
141	0.739110 0.240151 0.629320	-0.598519 -0.194471 0.777146	-83.792696 -27.225897 143.800435
142	0.692442 0.352817 0.629320	-0.560729 -0.285705 0.777146	-78.502000 -39.998767 143.800435
143	0.628724 0.456795 0.629320	-0.509131 -0.369905 0.777146	-71.278325 -51.786734 143.800435
144	0.549525 0.549525 0.629320	-0.444997 -0.444997 0.777146	-62.299540 -62.299540 143.800435
145	0.456795 0.628724 0.629320	-0.369905 -0.509131 0.777146	-51.786734 -71.278325 143.800435
146	0.352817 0.692442 0.629320	-0.285705 -0.560729 0.777146	-39.998767 -78.502000 143.800435
147	0.240151 0.739110 0.629320	-0.194471 -0.598519 0.777146	-27.225897 -83.792696 143.800435
148	0.121572 0.767578 0.629320	-0.098447 -0.621572 0.777146	-13.782636 -87.020138 143.800435
149	0.000000 0.777146 0.629320	-0.000000 -0.629320 0.777146	-0.000000 -88.104855 143.800435
150	-0.121572 0.767578 0.629320	0.098447 -0.621572 0.777146	13.782636 -87.020138 143.800435
151	-0.240151 0.739110 0.629320	0.194471 -0.598519 0.777146	27.225897 -83.792696 143.800435
152	-0.352817 0.692442 0.629320	0.285705 -0.560729 0.777146	39.998767 -78.502000 143.800435
153	-0.456795 0.628724 0.629320	0.369905 -0.509131 0.777146	51.786734 -71.278325 143.800435
154	-0.549525 0.549525 0.629320	0.444997 -0.444997 0.777146	62.299540 -62.299540 143.800435
155	-0.628724 0.456795 0.629320	0.509131 -0.369905 0.777146	71.278325 -51.786734 143.800435
156	-0.692442 0.352817 0.629320	0.560729 -0.285705 0.777146	78.502000 -39.998767 143.800435
157	-0.739110 0.240151 0.629320	0.598519 -0.194471 0.777146	83.792696 -27.225897 143.800435
158	-0.767578 0.121572 0.629320	0.621572 -0.098447 0.777146	87.020138 -13.782636 143.800435
159	-0.777146 0.000000 0.629320	0.629320 -0.000000 0.777146	88.104855 -0.000000 143.800435
160	-0.667273 -0.105686 0.737277	0.728200 0.115336 0.675590	101.948032 16.146982 129.582629
161	-0.642524 -0.208769 0.737277	0.701192 0.227831 0.675590	98.166938 31.896372 129.582629
162	-0.601955 -0.306712 0.737277	0.656919 0.334717 0.675590	91.968648 46.860367 129.582629
163	-0.546564 -0.397102 0.737277	0.596470 0.433361 0.675590	83.505785 60.670504 129.582629
164	-0.477714 -0.477714 0.737277	0.521334 0.521334 0.675590	72.986733 72.986733 129.582629
165	-0.397102 -0.546564 0.737277	0.433361 0.596470 0.675590	60.670504 83.505785 129.582629
166	-0.306712 -0.601955 0.737277	0.334717 0.656919 0.675590	46.860367 91.968648 129.582629
167	-0.208769 -0.642524 0.737277	0.227831 0.701192 0.675590	31.896372 98.166938 129.582629
168	-0.105686 -0.667273 0.737277	0.115336 0.728200 0.675590	16.146982 101.948032 129.582629
169	-0.000000 -0.675590 0.737277	0.000000 0.737277 0.675590	0.000000 103.218827 129.582629
170	0.105686 -0.667273 0.737277	-0.115336 0.728200 0.675590	-16.146982 101.948032 129.582629
171	0.208769 -0.642524 0.737277	-0.227831 0.701192 0.675590	-31.896372 98.166938 129.582629
172	0.306712 -0.601955 0.737277	-0.334717 0.656919 0.675590	-46.860367 91.968648 129.582629
173	0.397102 -0.546564 0.737277	-0.433361 0.596470 0.675590	-60.670504 83.505785 129.582629
174	0.477714 -0.477714 0.737277	-0.521334 0.521334 0.675590	-72.986733 72.986733 129.582629
175	0.546564 -0.397102 0.737277	-0.596470 0.433361 0.675590	-83.505785 60.670504 129.582629
176	0.601955 -0.306712 0.737277	-0.656919 0.334717 0.675590	-91.968648 46.860367 129.582629
177	0.642524 -0.208769 0.737277	-0.701192 0.227831 0.675590	-98.166938 31.896372 129.582629
178	0.667273 -0.105686 0.737277	-0.728200 0.115336 0.675590	-101.948032 16.146982 129.582629
179	0.675590 -0.000000 0.737277	-0.737277 0.000000 0.675590	-103.218827 0.000000 129.582629
180	0.667273 0.105686 0.737277	-0.728200 -0.115336 0.675590	-101.948032 -16.146982 129.582629
181	0.642524 0.208769 0.737277	-0.701192 -0.227831 0.675590	-98.166938 -31.896372 129.582629
182	0.601955 0.306712 0.737277	-0.656919 -0.334717 0.675590	-91.968648 -46.860367 129.582629
183	0.546564 0.397102 0.737277	-0.596470 -0.433361 0.675590	-83.505785 -60.670504 129.582629
184	0.477714 0.477714 0.737277	-0.521334 -0.521334 0.675590	-72.986733 -72.986733 129.582629
185	0.397102 0.546564 0.737277	-0.433361 -0.596470 0.675590	-60.670504 -83.505785 129.582629
186	0.306712 0.601955 0.737277	-0.334717 -0.656919 0.675590	-46.860367 -91.968648 129.582629
187	0.208769 0.642524 0.737277	-0.227831 -0.701192 0.675590	-31.896372 -98.166938 129.582629
188	0.105686 0.667273 0.737277	-0.115336 -0.728200 0.675590	-16.146982 -101.948032 129.582629
189	0.000000 0.675590 0.737277	-0.000000 -0.737277 0.675590	-0.000000 -103.218827 129.582629
190	-0.105686 0.667273 0.737277	0.115336 -0.728200 0.675590	16.146982 -101.948032 129.582629
191	-0.208769 0.642524 0.737277	0.227831 -0.701192 0.675590	31.896372 -98.166938 129.582629
192	-0.306712 0.601955 0.737277	0.334717 -0.656919 0.675590	46.860367 -91.968648 129.582629
193	-0.397102 0.546564 0.737277	0.433361 -0.596470 0.675590	60.670504 -83.505785 129.582629
194	-0.477714 0.477714 0.737277	0.521334 -0.521334 0.675590	72.986733 -72.986733 129.582629
195	-0.546564 0.397102 0.737277	0.596470 -0.433361 0.675590	83.505785 -60.670504 129.582629
196	-0.601955 0.306712 0.737277	0.656919 -0.334717 0.675590	91.968648 -46.860367 129.582629
197	-0.642524 0.208769 0.737277	0.701192 -0.227831 0.675590	98.166938 -31.896372 129.582629
198	-0.667273 0.105686 0.737277	0.728200 -0.115336 0.675590	101.948032 -16.146982 129.582629
199	-0.675590 0.000000 0.737277	0.737277 -0.000000 0.675590	103.218827 -0.000000 129.582629
200	-0.552308 -0.087477 0.829038	0.818831 0.129690 0.559193	114.636304 18.156607 113.287006
201	-0.531824 -0.172800 0.829038	0.788462 0.256187 0.559193	110.384622 35.866138 113.287006
202	-0.498245 -0.253868 0.829038	0.738678 0.376375 0.559193	103.414904 52.692525 113.287006
203	-0.452397 -0.328685 0.829038	0.670705 0.487296 0.559193	93.898768 68.221448 113.287006
204	-0.395409 -0.395409 0.829038	0.586218 0.586218 0.559193	82.070533 82.070533 113.287006
205	-0.328685 -0.452397 0.829038	0.487296 0.670705 0.559193	68.221448 93.898768 113.287006
206	-0.253868 -0.498245 0.829038	0.376375 0.738678 0.559193	52.692525 103.414904 113.287006
207	-0.172800 -0.531824 0.829038	0.256187 0.788462 0.559193	35.866138 110.384622 113.287006
208	-0.087477 -0.552308 0.829038	0.129690 0.818831 0.559193	18.156607 114.636304 113.287006
209	-0.000000 -0.559193 0.829038	0.000000 0.829038 0.559193	0.000000 116.065260 113.287006
210	0.087477 -0.552308 0.829038	-0.129690 0.818831 0.559193	-18.156607 114.636304 113.287006
211	0.172800 -0.531824 0.829038	-0.256187 0.788462 0.559193	-35.866138 110.384622 113.287006
212	0.253868 -0.498245 0.829038	-0.376375 0.738678 0.559193	-52.692525 103.414904 113.287006
213	0.328685 -0.452397 0.829038	-0.487296 0.670705 0.559193	-68.221448 93.898768 113.287006
214	0.395409 -0.395409 0.829038	-0.586218 0.586218 0.559193	-82.070533 82.070533 113.287006
215	0.452397 -0.328685 0.829038	-0.670705 0.487296 0.559193	-93.898768 68.221448 113.287006
216	0.498245 -0.253868 0.829038	-0.738678 0.376375 0.559193	-103.414904 52.692525 113.287006
217	0.531824 -0.172800 0.829038	-0.788462 0.256187 0.559193	-110.384622 35.866138 113.287006
218	0.552308 -0.087477 0.829038	-0.818831 0.129690 0.559193	-114.636304 18.156607 113.287006
219	0.559193 -0.000000 0.829038	-0.829038 0.000000 0.559193	-116.065260 0.000000 113.287006
220	0.552308 0.087477 0.829038	-0.818831 -0.129690 0.559193	-114.636304 -18.156607 113.287006
221	0.531824 0.172800 0.829038	-0.788462 -0.256187 0.559193	-110.384622 -35.866138 113.287006
222	0.498245 0.253868 0.829038	-0.738678 -0.376375 0.559193	-103.414904 -52.692525 113.287006
223	0.452397 0.328685 0.829038	-0.670705 -0.487296 0.559193	-93.898768 -68.221448 113.287006
224	0.395409 0.395409 0.829038	-0.586218 -0.586218 0.559193	-82.070533 -82.070533 113.287006
225	0.328685 0.452397 0.829038	-0.487296 -0.670705 0.559193	-68.221448 -93.898768 113.287006
226	0.253868 0.498245 0.829038	-0.376375 -0.738678 0.559193	-52.692525 -103.414904 113.287006
227	0.172800 0.531824 0.829038	-0.256187 -0.788462 0.559193	-35.866138 -110.384622 113.287006
228	0.087477 0.552308 0.829038	-0.129690 -0.818831 0.559193	-18.156607 -114.636304 113.287006
229	0.000000 0.559193 0.829038	-0.000000 -0.829038 0.559193	-0.000000 -116.065260 113.287006
230	-0.087477 0.552308 0.829038	0.129690 -0.818831 0.559193	18.156607 -114.636304 113.287006
231	-0.172800 0.531824 0.829038	0.256187 -0.788462 0.559193	35.866138 -110.384622 113.287006
232	-0.253868 0.498245 0.829038	0.376375 -0.738678 0.559193	52.692525 -103.414904 113.287006
233	-0.328685 0.452397 0.829038	0.487296 -0.670705 0.559193	68.221448 -93.898768 113.287006
234	-0.395409 0.395409 0.829038	0.586218 -0.586218 0.559193	82.070533 -82.070533 113.287006
235	-0.452397 0.328685 0.829038	0.670705 -0.487296 0.559193	93.898768 -68.221448 113.287006
236	-0.498245 0.253868 0.829038	0.738678 -0.376375 0.559193	103.414904 -52.692525 113.287006
237	-0.531824 0.172800 0.829038	0.788462 -0.256187 0.559193	110.384622 -35.866138 113.287006
238	-0.552308 0.087477 0.829038	0.818831 -0.129690 0.559193	114.636304 -18.156607 113.287006
239	-0.559193 0.000000 0.829038	0.829038 -0.000000 0.559193	116.065260 -0.000000 113.287006
240	-0.425211 -0.067347 0.902585	0.891473 0.141195 0.430511	124.806215 19.767362 95.271554
241	-0.409440 -0.133035 0.902585	0.858410 0.278914 0.430511	120.177346 39.047987 95.271554
242	-0.383588 -0.195448 0.902585	0.804209 0.409765 0.430511	112.589313 57.367120 95.271554
243	-0.348291 -0.253048 0.902585	0.730207 0.530526 0.430511	102.228957 74.273685 95.271554
244	-0.304417 -0.304417 0.902585	0.638224 0.638224 0.430511	89.351385 89.351385 95.271554
245	-0.253048 -0.348291 0.902585	0.530526 0.730207 0.430511	74.273685 102.228957 95.271554
246	-0.195448 -0.383588 0.902585	0.409765 0.804209 0.430511	57.367120 112.589313 95.271554
247	-0.133035 -0.409440 0.902585	0.278914 0.858410 0.430511	39.047987 120.177346 95.271554
248	-0.067347 -0.425211 0.902585	0.141195 0.891473 0.430511	19.767362 124.806215 95.271554
249	-0.000000 -0.430511 0.902585	0.000000 0.902585 0.430511	0.000000 126.361940 95.271554
250	0.067347 -0.425211 0.902585	-0.141195 0.891473 0.430511	-19.767362 124.806215 95.271554
251	0.133035 -0.409440 0.902585	-0.278914 0.858410 0.430511	-39.047987 120.177346 95.271554
252	0.195448 -0.383588 0.902585	-0.409765 0.804209 0.430511	-57.367120 112.589313 95.271554
253	0.253048 -0.348291 0.902585	-0.530526 0.730207 0.430511	-74.273685 102.228957 95.271554
254	0.304417 -0.304417 0.902585	-0.638224 0.638224 0.430511	-89.351385 89.351385 95.271554
255	0.348291 -0.253048 0.902585	-0.730207 0.530526 0.430511	-102.228957 74.273685 95.271554
256	0.383588 -0.195448 0.902585	-0.804209 0.409765 0.430511	-112.589313 57.367120 95.271554
257	0.409440 -0.133035 0.902585	-0.858410 0.278914 0.430511	-120.177346 39.047987 95.271554
258	0.425211 -0.067347 0.902585	-0.891473 0.141195 0.430511	-124.806215 19.767362 95.271554
259	0.430511 -0.000000 0.902585	-0.902585 0.000000 0.430511	-126.361940 0.000000 95.271554
260	0.425211 0.067347 0.902585	-0.891473 -0.141195 0.430511	-124.806215 -19.767362 95.271554
261	0.409440 0.133035 0.902585	-0.858410 -0.278914 0.430511	-120.177346 -39.047987 95.271554
262	0.383588 0.195448 0.902585	-0.804209 -0.409765 0.430511	-112.589313 -57.367120 95.271554
263	0.348291 0.253048 0.902585	-0.730207 -0.530526 0.430511	-102.228957 -74.273685 95.271554
264	0.304417 0.304417 0.902585	-0.638224 -0.638224 0.430511	-89.351385 -89.351385 95.271554
265	0.253048 0.348291 0.902585	-0.530526 -0.730207 0.430511	-74.273685 -102.228957 95.271554
266	0.195448 0.383588 0.902585	-0.409765 -0.804209 0.430511	-57.367120 -112.589313 95.271554
267	0.133035 0.409440 0.902585	-0.278914 -0.858410 0.430511	-39.047987 -120.177346 95.271554
268	0.067347 0.425211 0.902585	-0.141195 -0.891473 0.430511	-19.767362 -124.806215 95.271554
269	0.000000 0.430511 0.902585	-0.000000 -0.902585 0.430511	-0.000000 -126.361940 95.271554
270	-0.067347 0.425211 0.902585	0.141195 -0.891473 0.430511	19.767362 -124.806215 95.271554
271	-0.133035 0.409440 0.902585	0.278914 -0.858410 0.430511	39.047987 -120.177346 95.271554
272	-0.195448 0.383588 0.902585	0.409765 -0.804209 0.430511	57.367120 -112.589313 95.271554
273	-0.253048 0.348291 0.902585	0.530526 -0.730207 0.430511	74.273685 -102.228957 95.271554
274	-0.304417 0.304417 0.902585	0.638224 -0.638224 0.430511	89.351385 -89.351385 95.271554
275	-0.348291 0.253048 0.902585	0.730207 -0.530526 0.430511	102.228957 -74.273685 95.271554
276	-0.383588 0.195448 0.902585	0.804209 -0.409765 0.430511	112.589313 -57.367120 95.271554
277	-0.409440 0.133035 0.902585	0.858410 -0.278914 0.430511	120.177346 -39.047987 95.271554
278	-0.425211 0.067347 0.902585	0.891473 -0.141195 0.430511	124.806215 -19.767362 95.271554
279	-0.430511 0.000000 0.902585	0.902585 -0.000000 0.430511	126.361940 -0.000000 95.271554
280	-0.288772 -0.045737 0.956305	0.944531 0.149599 0.292372	132.234348 20.943863 75.932039
281	-0.278062 -0.090348 0.956305	0.909500 0.295514 0.292372	127.329982 41.372019 75.932039
282	-0.260505 -0.132734 0.956305	0.852074 0.434153 0.292372	119.290329 60.781458 75.932039
283	-0.236534 -0.171852 0.956305	0.773667 0.562102 0.292372	108.313352 78.694257 75.932039
284	-0.206738 -0.206738 0.956305	0.676210 0.676210 0.292372	94.669341 94.669341 75.932039
285	-0.171852 -0.236534 0.956305	0.562102 0.773667 0.292372	78.694257 108.313352 75.932039
286	-0.132734 -0.260505 0.956305	0.434153 0.852074 0.292372	60.781458 119.290329 75.932039
287	-0.090348 -0.278062 0.956305	0.295514 0.909500 0.292372	41.372019 127.329982 75.932039
288	-0.045737 -0.288772 0.956305	0.149599 0.944531 0.292372	20.943863 132.234348 75.932039
289	-0.000000 -0.292372 0.956305	0.000000 0.956305 0.292372	0.000000 133.882666 75.932039
290	0.045737 -0.288772 0.956305	-0.149599 0.944531 0.292372	-20.943863 132.234348 75.932039
291	0.090348 -0.278062 0.956305	-0.295514 0.909500 0.292372	-41.372019 127.329982 75.932039
292	0.132734 -0.260505 0.956305	-0.434153 0.852074 0.292372	-60.781458 119.290329 75.932039
293	0.171852 -0.236534 0.956305	-0.562102 0.773667 0.292372	-78.694257 108.313352 75.932039
294	0.206738 -0.206738 0.956305	-0.676210 0.676210 0.292372	-94.669341 94.669341 75.932039
295	0.236534 -0.171852 0.956305	-0.773667 0.562102 0.292372	-108.313352 78.694257 75.932039
296	0.260505 -0.132734 0.956305	-0.852074 0.434153 0.292372	-119.290329 60.781458 75.932039
297	0.278062 -0.090348 0.956305	-0.909500 0.295514 0.292372	-127.329982 41.372019 75.932039
298	0.288772 -0.045737 0.956305	-0.944531 0.149599 0.292372	-132.234348 20.943863 75.932039
299	0.292372 -0.000000 0.956305	-0.956305 0.000000 0.292372	-133.882666 0.000000 75.932039
300	0.288772 0.045737 0.956305	-0.944531 -0.149599 0.292372	-132.234348 -20.943863 75.932039
301	0.278062 0.090348 0.956305	-0.909500 -0.295514 0.292372	-127.329982 -41.372019 75.932039
302	0.260505 0.132734 0.956305	-0.852074 -0.434153 0.292372	-119.290329 -60.781458 75.932039
303	0.236534 0.171852 0.956305	-0.773667 -0.562102 0.292372	-108.313352 -78.694257 75.932039
304	0.206738 0.206738 0.956305	-0.676210 -0.676210 0.292372	-94.669341 -94.669341 75.932039
305	0.171852 0.236534 0.956305	-0.562102 -0.773667 0.292372	-78.694257 -108.313352 75.932039
306	0.132734 0.260505 0.956305	-0.434153 -0.852074 0.292372	-60.781458 -119.290329 75.932039
307	0.090348 0.278062 0.956305	-0.295514 -0.909500 0.292372	-41.372019 -127.329982 75.932039
308	0.045737 0.288772 0.956305	-0.149599 -0.944531 0.292372	-20.943863 -132.234348 75.932039
309	0.000000 0.292372 0.956305	-0.000000 -0.956305 0.292372	-0.000000 -133.882666 75.932039
310	-0.045737 0.288772 0.956305	0.149599 -0.944531 0.292372	20.943863 -132.234348 75.932039
311	-0.090348 0.278062 0.956305	0.295514 -0.909500 0.292372	41.372019 -127.329982 75.932039
312	-0.132734 0.260505 0.956305	0.434153 -0.852074 0.292372	60.781458 -119.290329 75.932039
313	-0.171852 0.236534 0.956305	0.562102 -0.773667 0.292372	78.694257 -108.313352 75.932039
314	-0.206738 0.206738 0.956305	0.676210 -0.676210 0.292372	94.669341 -94.669341 75.932039
315	-0.236534 0.171852 0.956305	0.773667 -0.562102 0.292372	108.313352 -78.694257 75.932039
316	-0.260505 0.132734 0.956305	0.852074 -0.434153 0.292372	119.290329 -60.781458 75.932039
317	-0.278062 0.090348 0.956305	0.909500 -0.295514 0.292372	127.329982 -41.372019 75.932039
318	-0.288772 0.045737 0.956305	0.944531 -0.149599 0.292372	132.234348 -20.943863 75.932039
319	-0.292372 0.000000 0.956305	0.956305 -0.000000 0.292372	133.882666 -0.000000 75.932039
320	-0.145990 -0.023122 0.989016	0.976839 0.154716 0.147809	136.757521 21.660263 55.693318
321	-0.140575 -0.045676 0.989016	0.940610 0.305623 0.147809	131.685397 42.787179 55.693318
322	-0.131699 -0.067104 0.989016	0.881220 0.449004 0.147809	123.370742 62.860533 55.693318
323	-0.119580 -0.086880 0.989016	0.800131 0.581329 0.147809	112.018290 81.386051 55.693318
324	-0.104517 -0.104517 0.989016	0.699340 0.699340 0.147809	97.907575 97.907575 55.693318
325	-0.086880 -0.119580 0.989016	0.581329 0.800131 0.147809	81.386051 112.018290 55.693318
326	-0.067104 -0.131699 0.989016	0.449004 0.881220 0.147809	62.860533 123.370742 55.693318
327	-0.045676 -0.140575 0.989016	0.305623 0.940610 0.147809	42.787179 131.685397 55.693318
328	-0.023122 -0.145990 0.989016	0.154716 0.976839 0.147809	21.660263 136.757521 55.693318
329	-0.000000 -0.147809 0.989016	0.000000 0.989016 0.147809	0.000000 138.462221 55.693318
330	0.023122 -0.145990 0.989016	-0.154716 0.976839 0.147809	-21.660263 136.757521 55.693318
331	0.045676 -0.140575 0.989016	-0.305623 0.940610 0.147809	-42.787179 131.685397 55.693318
332	0.067104 -0.131699 0.989016	-0.449004 0.881220 0.147809	-62.860533 123.370742 55.693318
333	0.086880 -0.119580 0.989016	-0.581329 0.800131 0.147809	-81.386051 112.018290 55.693318
334	0.104517 -0.104517 0.989016	-0.699340 0.699340 0.147809	-97.907575 97.907575 55.693318
335	0.119580 -0.086880 0.989016	-0.800131 0.581329 0.147809	-112.018290 81.386051 55.693318
336	0.131699 -0.067104 0.989016	-0.881220 0.449004 0.147809	-123.370742 62.860533 55.693318
337	0.140575 -0.045676 0.989016	-0.940610 0.305623 0.147809	-131.685397 42.787179 55.693318
338	0.145990 -0.023122 0.989016	-0.976839 0.154716 0.147809	-136.757521 21.660263 55.693318
339	0.147809 -0.000000 0.989016	-0.989016 0.000000 0.147809	-138.462221 0.000000 55.693318
340	0.145990 0.023122 0.989016	-0.976839 -0.154716 0.147809	-136.757521 -21.660263 55.693318
341	0.140575 0.045676 0.989016	-0.940610 -0.305623 0.147809	-131.685397 -42.787179 55.693318
342	0.131699 0.067104 0.989016	-0.881220 -0.449004 0.147809	-123.370742 -62.860533 55.693318
343	0.119580 0.086880 0.989016	-0.800131 -0.581329 0.147809	-112.018290 -81.386051 55.693318
344	0.104517 0.104517 0.989016	-0.699340 -0.699340 0.147809	-97.907575 -97.907575 55.693318
345	0.086880 0.119580 0.989016	-0.581329 -0.800131 0.147809	-81.386051 -112.018290 55.693318
346	0.067104 0.131699 0.989016	-0.449004 -0.881220 0.147809	-62.860533 -123.370742 55.693318
347	0.045676 0.140575 0.989016	-0.305623 -0.940610 0.147809	-42.787179 -131.685397 55.693318
348	0.023122 0.145990 0.989016	-0.154716 -0.976839 0.147809	-21.660263 -136.757521 55.693318
349	0.000000 0.147809 0.989016	-0.000000 -0.989016 0.147809	-0.000000 -138.462221 55.693318
350	-0.023122 0.145990 0.989016	0.154716 -0.976839 0.147809	21.660263 -136.757521 55.693318
351	-0.045676 0.140575 0.989016	0.305623 -0.940610 0.147809	42.787179 -131.685397 55.693318
352	-0.067104 0.131699 0.989016	0.449004 -0.881220 0.147809	62.860533 -123.370742 55.693318
353	-0.086880 0.119580 0.989016	0.581329 -0.800131 0.147809	81.386051 -112.018290 55.693318
354	-0.104517 0.104517 0.989016	0.699340 -0.699340 0.147809	97.907575 -97.907575 55.693318
355	-0.119580 0.086880 0.989016	0.800131 -0.581329 0.147809	112.018290 -81.386051 55.693318
356	-0.131699 0.067104 0.989016	0.881220 -0.449004 0.147809	123.370742 -62.860533 55.693318
357	-0.140575 0.045676 0.989016	0.940610 -0.305623 0.147809	131.685397 -42.787179 55.693318
358	-0.145990 0.023122 0.989016	0.976839 -0.154716 0.147809	136.757521 -21.660263 55.693318
359	-0.147809 0.000000 0.989016	0.989016 -0.000000 0.147809	138.462221 -0.000000 55.693318
360	-0.000000 -0.000000 1.000000	0.987688 0.156434 0.000000	138.276368 21.900825 35.000000
361	-0.000000 -0.000000 1.000000	0.951057 0.309017 0.000000	133.147912 43.262379 35.000000
362	-0.000000 -0.000000 1.000000	0.891007 0.453990 0.000000	124.740913 63.558670 35.000000
363	-0.000000 -0.000000 1.000000	0.809017 0.587785 0.000000	113.262379 82.289935 35.000000
364	-0.000000 -0.000000 1.000000	0.707107 0.707107 0.000000	98.994949 98.994949 35.000000
365	-0.000000 -0.000000 1.000000	0.587785 0.809017 0.000000	82.289935 113.262379 35.000000
366	-0.000000 -0.000000 1.000000	0.453990 0.891007 0.000000	63.558670 124.740913 35.000000
367	-0.000000 -0.000000 1.000000	0.309017 0.951057 0.000000	43.262379 133.147912 35.000000
368	-0.000000 -0.000000 1.000000	0.156434 0.987688 0.000000	21.900825 138.276368 35.000000
369	-0.000000 -0.000000 1.000000	0.000000 1.000000 0.000000	0.000000 140.000000 35.000000
370	0.000000 -0.000000 1.000000	-0.156434 0.987688 0.000000	-21.900825 138.276368 35.000000
371	0.000000 -0.000000 1.000000	-0.309017 0.951057 0.000000	-43.262379 133.147912 35.000000
372	0.000000 -0.000000 1.000000	-0.453990 0.891007 0.000000	-63.558670 124.740913 35.000000
373	0.000000 -0.000000 1.000000	-0.587785 0.809017 0.000000	-82.289935 113.262379 35.000000
374	0.000000 -0.000000 1.000000	-0.707107 0.707107 0.000000	-98.994949 98.994949 35.000000
375	0.000000 -0.000000 1.000000	-0.809017 0.587785 0.000000	-113.262379 82.289935 35.000000
376	0.000000 -0.000000 1.000000	-0.891007 0.453990 0.000000	-124.740913 63.558670 35.000000
377	0.000000 -0.000000 1.000000	-0.951057 0.309017 0.000000	-133.147912 43.262379 35.000000
378	0.000000 -0.000000 1.000000	-0.987688 0.156434 0.000000	-138.276368 21.900825 35.000000
379	0.000000 -0.000000 1.000000	-1.000000 0.000000 0.000000	-140.000000 0.000000 35.000000
380	0.000000 0.000000 1.000000	-0.987688 -0.156434 0.000000	-138.276368 -21.900825 35.000000
381	0.000000 0.000000 1.000000	-0.951057 -0.309017 0.000000	-133.147912 -43.262379 35.000000
382	0.000000 0.000000 1.000000	-0.891007 -0.453990 0.000000	-124.740913 -63.558670 35.000000
383	0.000000 0.000000 1.000000	-0.809017 -0.587785 0.000000	-113.262379 -82.289935 35.000000
384	0.000000 0.000000 1.000000	-0.707107 -0.707107 0.000000	-98.994949 -98.994949 35.000000
385	0.000000 0.000000 1.000000	-0.587785 -0.809017 0.000000	-82.289935 -113.262379 35.000000
386	0.000000 0.000000 1.000000	-0.453990 -0.891007 0.000000	-63.558670 -124.740913 35.000000
387	0.000000 0.000000 1.000000	-0.309017 -0.951057 0.000000	-43.262379 -133.147912 35.000000
388	0.000000 0.000000 1.000000	-0.156434 -0.987688 0.000000	-21.900825 -138.276368 35.000000
389	0.000000 0.000000 1.000000	-0.000000 -1.000000 0.000000	-0.000000 -140.000000 35.000000
390	-0.000000 0.000000 1.000000	0.156434 -0.987688 0.000000	21.900825 -138.276368 35.000000
391	-0.000000 0.000000 1.000000	0.309017 -0.951057 0.000000	43.262379 -133.147912 35.000000
392	-0.000000 0.000000 1.000000	0.453990 -0.891007 0.000000	63.558670 -124.740913 35.000000
393	-0.000000 0.000000 1.000000	0.587785 -0.809017 0.000000	82.289935 -113.262379 35.000000
394	-0.000000 0.000000 1.000000	0.707107 -0.707107 0.000000	98.994949 -98.994949 35.000000
395	-0.000000 0.000000 1.000000	0.809017 -0.587785 0.000000	113.262379 -82.289935 35.000000
396	-0.000000 0.000000 1.000000	0.891007 -0.453990 0.000000	124.740913 -63.558670 35.000000
397	-0.000000 0.000000 1.000000	0.951057 -0.309017 0.000000	133.147912 -43.262379 35.000000
398	-0.000000 0.000000 1.000000	0.987688 -0.156434 0.000000	138.276368 -21.900825 35.000000
399	-0.000000 0.000000 1.000000	1.000000 -0.000000 0.000000	140.000000 -0.000000 35.000000
400	0.145990 0.023122 0.989016	0.976839 0.154716 -0.147809	136.757521 21.660263 14.306682
401	0.140575 0.045676 0.989016	0.940610 0.305623 -0.147809	131.685397 42.787179 14.306682
402	0.131699 0.067104 0.989016	0.881220 0.449004 -0.147809	123.370742 62.860533 14.306682
403	0.119580 0.086880 0.989016	0.800131 0.581329 -0.147809	112.018290 81.386051 14.306682
404	0.104517 0.104517 0.989016	0.699340 0.699340 -0.147809	97.907575 97.907575 14.306682
405	0.086880 0.119580 0.989016	0.581329 0.800131 -0.147809	81.386051 112.018290 14.306682
406	0.067104 0.131699 0.989016	0.449004 0.881220 -0.147809	62.860533 123.370742 14.306682
407	0.045676 0.140575 0.989016	0.305623 0.940610 -0.147809	42.787179 131.685397 14.306682
408	0.023122 0.145990 0.989016	0.154716 0.976839 -0.147809	21.660263 136.757521 14.306682
409	0.000000 0.147809 0.989016	0.000000 0.989016 -0.147809	0.000000 138.462221 14.306682
410	-0.023122 0.145990 0.989016	-0.154716 0.976839 -0.147809	-21.660263 136.757521 14.306682
411	-0.045676 0.140575 0.989016	-0.305623 0.940610 -0.147809	-42.787179 131.685397 14.306682
412	-0.067104 0.131699 0.989016	-0.449004 0.881220 -0.147809	-62.860533 123.370742 14.306682
413	-0.086880 0.119580 0.989016	-0.581329 0.800131 -0.147809	-81.386051 112.018290 14.306682
414	-0.104517 0.104517 0.989016	-0.699340 0.699340 -0.147809	-97.907575 97.907575 14.306682
415	-0.119580 0.086880 0.989016	-0.800131 0.581329 -0.147809	-112.018290 81.386051 14.306682
416	-0.131699 0.067104 0.989016	-0.881220 0.449004 -0.147809	-123.370742 62.860533 14.306682
417	-0.140575 0.045676 0.989016	-0.940610 0.305623 -0.147809	-131.685397 42.787179 14.306682
418	-0.145990 0.023122 0.989016	-0.976839 0.154716 -0.147809	-136.757521 21.660263 14.306682
419	-0.147809 0.000000 0.989016	-0.989016 0.000000 -0.147809	-138.462221 0.000000 14.306682
420	-0.145990 -0.023122 0.989016	-0.976839 -0.154716 -0.147809	-136.757521 -21.660263 14.306682
421	-0.140575 -0.045676 0.989016	-0.940610 -0.305623 -0.147809	-131.685397 -42.787179 14.306682
422	-0.131699 -0.067104 0.989016	-0.881220 -0.449004 -0.147809	-123.370742 -62.860533 14.306682
423	-0.119580 -0.086880 0.989016	-0.800131 -0.581329 -0.147809	-112.018290 -81.386051 14.306682
424	-0.104517 -0.104517 0.989016	-0.699340 -0.699340 -0.147809	-97.907575 -97.907575 14.306682
425	-0.086880 -0.119580 0.989016	-0.581329 -0.800131 -0.147809	-81.386051 -112.018290 14.306682
426	-0.067104 -0.131699 0.989016	-0.449004 -0.881220 -0.147809	-62.860533 -123.370742 14.306682
427	-0.045676 -0.140575 0.989016	-0.305623 -0.940610 -0.147809	-42.787179 -131.685397 14.306682
428	-0.023122 -0.145990 0.989016	-0.154716 -0.976839 -0.147809	-21.660263 -136.757521 14.306682
429	-0.000000 -0.147809 0.989016	-0.000000 -0.989016 -0.147809	-0.000000 -138.462221 14.306682
430	0.023122 -0.145990 0.989016	0.154716 -0.976839 -0.147809	21.660263 -136.757521 14.306682
431	0.045676 -0.140575 0.989016	0.305623 -0.940610 -0.147809	42.787179 -131.685397 14.306682
432	0.067104 -0.131699 0.989016	0.449004 -0.881220 -0.147809	62.860533 -123.370742 14.306682
433	0.086880 -0.119580 0.989016	0.581329 -0.800131 -0.147809	81.386051 -112.018290 14.306682
434	0.104517 -0.104517 0.989016	0.699340 -0.699340 -0.147809	97.907575 -97.907575 14.306682
435	0.119580 -0.086880 0.989016	0.800131 -0.581329 -0.147809	112.018290 -81.386051 14.306682
436	0.131699 -0.067104 0.989016	0.881220 -0.449004 -0.147809	123.370742 -62.860533 14.306682
437	0.140575 -0.045676 0.989016	0.940610 -0.305623 -0.147809	131.685397 -42.787179 14.306682
438	0.145990 -0.023122 0.989016	0.976839 -0.154716 -0.147809	136.757521 -21.660263 14.306682
439	0.147809 -0.000000 0.989016	0.989016 -0.000000 -0.147809	138.462221 -0.000000 14.306682
440	0.288772 0.045737 0.956305	0.944531 0.149599 -0.292372	132.234348 20.943863 -5.932039
441	0.278062 0.090348 0.956305	0.909500 0.295514 -0.292372	127.329982 41.372019 -5.932039
442	0.260505 0.132734 0.956305	0.852074 0.434153 -0.292372	119.290329 60.781458 -5.932039
443	0.236534 0.171852 0.956305	0.773667 0.562102 -0.292372	108.313352 78.694257 -5.932039
444	0.206738 0.206738 0.956305	0.676210 0.676210 -0.292372	94.669341 94.669341 -5.932039
445	0.171852 0.236534 0.956305	0.562102 0.773667 -0.292372	78.694257 108.313352 -5.932039
446	0.132734 0.260505 0.956305	0.434153 0.852074 -0.292372	60.781458 119.290329 -5.932039
447	0.090348 0.278062 0.956305	0.295514 0.909500 -0.292372	41.372019 127.329982 -5.932039
448	0.045737 0.288772 0.956305	0.149599 0.944531 -0.292372	20.943863 132.234348 -5.932039
449	0.000000 0.292372 0.956305	0.000000 0.956305 -0.292372	0.000000 133.882666 -5.932039
450	-0.045737 0.288772 0.956305	-0.149599 0.944531 -0.292372	-20.943863 132.234348 -5.932039
451	-0.090348 0.278062 0.956305	-0.295514 0.909500 -0.292372	-41.372019 127.329982 -5.932039
452	-0.132734 0.260505 0.956305	-0.434153 0.852074 -0.292372	-60.781458 119.290329 -5.932039
453	-0.171852 0.236534 0.956305	-0.562102 0.773667 -0.292372	-78.694257 108.313352 -5.932039
454	-0.206738 0.206738 0.956305	-0.676210 0.676210 -0.292372	-94.669341 94.669341 -5.932039
455	-0.236534 0.171852 0.956305	-0.773667 0.562102 -0.292372	-108.313352 78.694257 -5.932039
456	-0.260505 0.132734 0.956305	-0.852074 0.434153 -0.292372	-119.290329 60.781458 -5.932039
457	-0.278062 0.090348 0.956305	-0.909500 0.295514 -0.292372	-127.329982 41.372019 -5.932039
458	-0.288772 0.045737 0.956305	-0.944531 0.149599 -0.292372	-132.234348 20.943863 -5.932039
459	-0.292372 0.000000 0.956305	-0.956305 0.000000 -0.292372	-133.882666 0.000000 -5.932039
460	-0.288772 -0.045737 0.956305	-0.944531 -0.149599 -0.292372	-132.234348 -20.943863 -5.932039
461	-0.278062 -0.090348 0.956305	-0.909500 -0.295514 -0.292372	-127.329982 -41.372019 -5.932039
462	-0.260505 -0.132734 0.956305	-0.852074 -0.434153 -0.292372	-119.290329 -60.781458 -5.932039
463	-0.236534 -0.171852 0.956305	-0.773667 -0.562102 -0.292372	-108.313352 -78.694257 -5.932039
464	-0.206738 -0.206738 0.956305	-0.676210 -0.676210 -0.292372	-94.669341 -94.669341 -5.932039
465	-0.171852 -0.236534 0.956305	-0.562102 -0.773667 -0.292372	-78.694257 -108.313352 -5.932039
466	-0.132734 -0.260505 0.956305	-0.434153 -0.852074 -0.292372	-60.781458 -119.290329 -5.932039
467	-0.090348 -0.278062 0.956305	-0.295514 -0.909500 -0.292372	-41.372019 -127.329982 -5.932039
468	-0.045737 -0.288772 0.956305	-0.149599 -0.944531 -0.292372	-20.943863 -132.234348 -5.932039
469	-0.000000 -0.292372 0.956305	-0.000000 -0.956305 -0.292372	-0.000000 -133.882666 -5.932039
470	0.045737 -0.288772 0.956305	0.149599 -0.944531 -0.292372	20.943863 -132.234348 -5.932039
471	0.090348 -0.278062 0.956305	0.295514 -0.909500 -0.292372	41.372019 -127.329982 -5.932039
472	0.132734 -0.260505 0.956305	0.434153 -0.852074 -0.292372	60.781458 -119.290329 -5.932039
473	0.171852 -0.236534 0.956305	0.562102 -0.773667 -0.292372	78.694257 -108.313352 -5.932039
474	0.206738 -0.206738 0.956305	0.676210 -0.676210 -0.292372	94.669341 -94.669341 -5.932039
475	0.236534 -0.171852 0.956305	0.773667 -0.562102 -0.292372	108.313352 -78.694257 -5.932039
476	0.260505 -0.132734 0.956305	0.852074 -0.434153 -0.292372	119.290329 -60.781458 -5.932039
477	0.278062 -0.090348 0.956305	0.909500 -0.295514 -0.292372	127.329982 -41.372019 -5.932039
478	0.288772 -0.045737 0.956305	0.944531 -0.149599 -0.292372	132.234348 -20.943863 -5.932039
479	0.292372 -0.000000 0.956305	0.956305 -0.000000 -0.292372	133.882666 -0.000000 -5.932039
480	0.425211 0.067347 0.902585	0.891473 0.141195 -0.430511	124.806215 19.767362 -25.271554
481	0.409440 0.133035 0.902585	0.858410 0.278914 -0.430511	120.177346 39.047987 -25.271554
482	0.383588 0.195448 0.902585	0.804209 0.409765 -0.430511	112.589313 57.367120 -25.271554
483	0.348291 0.253048 0.902585	0.730207 0.530526 -0.430511	102.228957 74.273685 -25.271554
484	0.304417 0.304417 0.902585	0.638224 0.638224 -0.430511	89.351385 89.351385 -25.271554
485	0.253048 0.348291 0.902585	0.530526 0.730207 -0.430511	74.273685 102.228957 -25.271554
486	0.195448 0.383588 0.902585	0.409765 0.804209 -0.430511	57.367120 112.589313 -25.271554
487	0.133035 0.409440 0.902585	0.278914 0.858410 -0.430511	39.047987 120.177346 -25.271554
488	0.067347 0.425211 0.902585	0.141195 0.891473 -0.430511	19.767362 124.806215 -25.271554
489	0.000000 0.430511 0.902585	0.000000 0.902585 -0.430511	0.000000 126.361940 -25.271554
490	-0.067347 0.425211 0.902585	-0.141195 0.891473 -0.430511	-19.767362 124.806215 -25.271554
491	-0.133035 0.409440 0.902585	-0.278914 0.858410 -0.430511	-39.047987 120.177346 -25.271554
492	-0.195448 0.383588 0.902585	-0.409765 0.804209 -0.430511	-57.367120 112.589313 -25.271554
493	-0.253048 0.348291 0.902585	-0.530526 0.730207 -0.430511	-74.273685 102.228957 -25.271554
494	-0.304417 0.304417 0.902585	-0.638224 0.638224 -0.430511	-89.351385 89.351385 -25.271554
495	-0.348291 0.253048 0.902585	-0.730207 0.530526 -0.430511	-102.228957 74.273685 -25.271554
496	-0.383588 0.195448 0.902585	-0.804209 0.409765 -0.430511	-112.589313 57.367120 -25.271554
497	-0.409440 0.133035 0.902585	-0.858410 0.278914 -0.430511	-120.177346 39.047987 -25.271554
498	-0.425211 0.067347 0.902585	-0.891473 0.141195 -0.430511	-124.806215 19.767362 -25.271554
499	-0.430511 0.000000 0.902585	-0.902585 0.000000 -0.430511	-126.361940 0.000000 -25.271554
500	-0.425211 -0.067347 0.902585	-0.891473 -0.141195 -0.430511	-124.806215 -19.767362 -25.271554
501	-0.409440 -0.133035 0.902585	-0.858410 -0.278914 -0.430511	-120.177346 -39.047987 -25.271554
502	-0.383588 -0.195448 0.902585	-0.804209 -0.409765 -0.430511	-112.589313 -57.367120 -25.271554
503	-0.348291 -0.253048 0.902585	-0.730207 -0.530526 -0.430511	-102.228957 -74.273685 -25.271554
504	-0.304417 -0.304417 0.902585	-0.638224 -0.638224 -0.430511	-89.351385 -89.351385 -25.271554
505	-0.253048 -0.348291 0.902585	-0.530526 -0.730207 -0.430511	-74.273685 -102.228957 -25.271554
506	-0.195448 -0.383588 0.902585	-0.409765 -0.804209 -0.430511	-57.367120 -112.589313 -25.271554
507	-0.133035 -0.409440 0.902585	-0.278914 -0.858410 -0.430511	-39.047987 -120.177346 -25.271554
508	-0.067347 -0.425211 0.902585	-0.141195 -0.891473 -0.430511	-19.767362 -124.806215 -25.271554
509	-0.000000 -0.430511 0.902585	-0.000000 -0.902585 -0.430511	-0.000000 -126.361940 -25.271554
510	0.067347 -0.425211 0.902585	0.141195 -0.891473 -0.430511	19.767362 -124.806215 -25.271554
511	0.133035 -0.409440 0.902585	0.278914 -0.858410 -0.430511	39.047987 -120.177346 -25.271554
512	0.195448 -0.383588 0.902585	0.409765 -0.804209 -0.430511	57.367120 -112.589313 -25.271554
513	0.253048 -0.348291 0.902585	0.530526 -0.730207 -0.430511	74.273685 -102.228957 -25.271554
514	0.304417 -0.304417 0.902585	0.638224 -0.638224 -0.430511	89.351385 -89.351385 -25.271554
515	0.348291 -0.253048 0.902585	0.730207 -0.530526 -0.430511	102.228957 -74.273685 -25.271554
516	0.383588 -0.195448 0.902585	0.804209 -0.409765 -0.430511	112.589313 -57.367120 -25.271554
517	0.409440 -0.133035 0.902585	0.858410 -0.278914 -0.430511	120.177346 -39.047987 -25.271554
518	0.425211 -0.067347 0.902585	0.891473 -0.141195 -0.430511	124.806215 -19.767362 -25.271554
519	0.430511 -0.000000 0.902585	0.902585 -0.000000 -0.430511	126.361940 -0.000000 -25.271554
520	0.552308 0.087477 0.829038	0.818831 0.129690 -0.559193	114.636304 18.156607 -43.287006
521	0.531824 0.172800 0.829038	0.788462 0.256187 -0.559193	110.384622 35.866138 -43.287006
522	0.498245 0.253868 0.829038	0.738678 0.376375 -0.559193	103.414904 52.692525 -43.287006
523	0.452397 0.328685 0.829038	0.670705 0.487296 -0.559193	93.898768 68.221448 -43.287006
524	0.395409 0.395409 0.829038	0.586218 0.586218 -0.559193	82.070533 82.070533 -43.287006
525	0.328685 0.452397 0.829038	0.487296 0.670705 -0.559193	68.221448 93.898768 -43.287006
526	0.253868 0.498245 0.829038	0.376375 0.738678 -0.559193	52.692525 103.414904 -43.287006
527	0.172800 0.531824 0.829038	0.256187 0.788462 -0.559193	35.866138 110.384622 -43.287006
528	0.087477 0.552308 0.829038	0.129690 0.818831 -0.559193	18.156607 114.636304 -43.287006
529	0.000000 0.559193 0.829038	0.000000 0.829038 -0.559193	0.000000 116.065260 -43.287006
530	-0.087477 0.552308 0.829038	-0.129690 0.818831 -0.559193	-18.156607 114.636304 -43.287006
531	-0.172800 0.531824 0.829038	-0.256187 0.788462 -0.559193	-35.866138 110.384622 -43.287006
532	-0.253868 0.498245 0.829038	-0.376375 0.738678 -0.559193	-52.692525 103.414904 -43.287006
533	-0.328685 0.452397 0.829038	-0.487296 0.670705 -0.559193	-68.221448 93.898768 -43.287006
534	-0.395409 0.395409 0.829038	-0.586218 0.586218 -0.559193	-82.070533 82.070533 -43.287006
535	-0.452397 0.328685 0.829038	-0.670705 0.487296 -0.559193	-93.898768 68.221448 -43.287006
536	-0.498245 0.253868 0.829038	-0.738678 0.376375 -0.559193	-103.414904 52.692525 -43.287006
537	-0.531824 0.172800 0.829038	-0.788462 0.256187 -0.559193	-110.384622 35.866138 -43.287006
538	-0.552308 0.087477 0.829038	-0.818831 0.129690 -0.559193	-114.636304 18.156607 -43.287006
539	-0.559193 0.000000 0.829038	-0.829038 0.000000 -0.559193	-116.065260 0.000000 -43.287006
540	-0.552308 -0.087477 0.829038	-0.818831 -0.129690 -0.559193	-114.636304 -18.156607 -43.287006
541	-0.531824 -0.172800 0.829038	-0.788462 -0.256187 -0.559193	-110.384622 -35.866138 -43.287006
542	-0.498245 -0.253868 0.829038	-0.738678 -0.376375 -0.559193	-103.414904 -52.692525 -43.287006
543	-0.452397 -0.328685 0.829038	-0.670705 -0.487296 -0.559193	-93.898768 -68.221448 -43.287006
544	-0.395409 -0.395409 0.829038	-0.586218 -0.586218 -0.559193	-82.070533 -82.070533 -43.287006
545	-0.328685 -0.452397 0.829038	-0.487296 -0.670705 -0.559193	-68.221448 -93.898768 -43.287006
546	-0.253868 -0.498245 0.829038	-0.376375 -0.738678 -0.559193	-52.692525 -103.414904 -43.287006
547	-0.172800 -0.531824 0.829038	-0.256187 -0.788462 -0.559193	-35.866138 -110.384622 -43.287006
548	-0.087477 -0.552308 0.829038	-0.129690 -0.818831 -0.559193	-18.156607 -114.636304 -43.287006
549	-0.000000 -0.559193 0.829038	-0.000000 -0.829038 -0.559193	-0.000000 -116.065260 -43.287006
550	0.087477 -0.552308 0.829038	0.129690 -0.818831 -0.559193	18.156607 -114.636304 -43.287006
551	0.172800 -0.531824 0.829038	0.256187 -0.788462 -0.559193	35.866138 -110.384622 -43.287006
552	0.253868 -0.498245 0.829038	0.376375 -0.738678 -0.559193	52.692525 -103.414904 -43.287006
553	0.328685 -0.452397 0.829038	0.487296 -0.670705 -0.559193	68.221448 -93.898768 -43.287006
554	0.395409 -0.395409 0.829038	0.586218 -0.586218 -0.559193	82.070533 -82.070533 -43.287006
555	0.452397 -0.328685 0.829038	0.670705 -0.487296 -0.559193	93.898768 -68.221448 -43.287006
556	0.498245 -0.253868 0.829038	0.738678 -0.376375 -0.559193	103.414904 -52.692525 -43.287006
557	0.531824 -0.172800 0.829038	0.788462 -0.256187 -0.559193	110.384622 -35.866138 -43.287006
558	0.552308 -0.087477 0.829038	0.818831 -0.129690 -0.559193	114.636304 -18.156607 -43.287006
559	0.559193 -0.000000 0.829038	0.829038 -0.000000 -0.559193	116.065260 -0.000000 -43.287006
560	0.667273 0.105686 0.737277	0.728200 0.115336 -0.675590	101.948032 16.146982 -59.582629
561	0.642524 0.208769 0.737277	0.701192 0.227831 -0.675590	98.166938 31.896372 -59.582629
562	0.601955 0.306712 0.737277	0.656919 0.334717 -0.675590	91.968648 46.860367 -59.582629
563	0.546564 0.397102 0.737277	0.596470 0.433361 -0.675590	83.505785 60.670504 -59.582629
564	0.477714 0.477714 0.737277	0.521334 0.521334 -0.675590	72.986733 72.986733 -59.582629
565	0.397102 0.546564 0.737277	0.433361 0.596470 -0.675590	60.670504 83.505785 -59.582629
566	0.306712 0.601955 0.737277	0.334717 0.656919 -0.675590	46.860367 91.968648 -59.582629
567	0.208769 0.642524 0.737277	0.227831 0.701192 -0.675590	31.896372 98.166938 -59.582629
568	0.105686 0.667273 0.737277	0.115336 0.728200 -0.675590	16.146982 101.948032 -59.582629
569	0.000000 0.675590 0.737277	0.000000 0.737277 -0.675590	0.000000 103.218827 -59.582629
570	-0.105686 0.667273 0.737277	-0.115336 0.728200 -0.675590	-16.146982 101.948032 -59.582629
571	-0.208769 0.642524 0.737277	-0.227831 0.701192 -0.675590	-31.896372 98.166938 -59.582629
572	-0.306712 0.601955 0.737277	-0.334717 0.656919 -0.675590	-46.860367 91.968648 -59.582629
573	-0.397102 0.546564 0.737277	-0.433361 0.596470 -0.675590	-60.670504 83.505785 -59.582629
574	-0.477714 0.477714 0.737277	-0.521334 0.521334 -0.675590	-72.986733 72.986733 -59.582629
575	-0.546564 0.397102 0.737277	-0.596470 0.433361 -0.675590	-83.505785 60.670504 -59.582629
576	-0.601955 0.306712 0.737277	-0.656919 0.334717 -0.675590	-91.968648 46.860367 -59.582629
577	-0.642524 0.208769 0.737277	-0.701192 0.227831 -0.675590	-98.166938 31.896372 -59.582629
578	-0.667273 0.105686 0.737277	-0.728200 0.115336 -0.675590	-101.948032 16.146982 -59.582629
579	-0.675590 0.000000 0.737277	-0.737277 0.000000 -0.675590	-103.218827 0.000000 -59.582629
580	-0.667273 -0.105686 0.737277	-0.728200 -0.115336 -0.675590	-101.948032 -16.146982 -59.582629
581	-0.642524 -0.208769 0.737277	-0.701192 -0.227831 -0.675590	-98.166938 -31.896372 -59.582629
582	-0.601955 -0.306712 0.737277	-0.656919 -0.334717 -0.675590	-91.968648 -46.860367 -59.582629
583	-0.546564 -0.397102 0.737277	-0.596470 -0.433361 -0.675590	-83.505785 -60.670504 -59.582629
584	-0.477714 -0.477714 0.737277	-0.521334 -0.521334 -0.675590	-72.986733 -72.986733 -59.582629
585	-0.397102 -0.546564 0.737277	-0.433361 -0.596470 -0.675590	-60.670504 -83.505785 -59.582629
586	-0.306712 -0.601955 0.737277	-0.334717 -0.656919 -0.675590	-46.860367 -91.968648 -59.582629
587	-0.208769 -0.642524 0.737277	-0.227831 -0.701192 -0.675590	-31.896372 -98.166938 -59.582629
588	-0.105686 -0.667273 0.737277	-0.115336 -0.728200 -0.675590	-16.146982 -101.948032 -59.582629
589	-0.000000 -0.675590 0.737277	-0.000000 -0.737277 -0.675590	-0.000000 -103.218827 -59.582629
590	0.105686 -0.667273 0.737277	0.115336 -0.728200 -0.675590	16.146982 -101.948032 -59.582629
591	0.208769 -0.642524 0.737277	0.227831 -0.701192 -0.675590	31.896372 -98.166938 -59.582629
592	0.306712 -0.601955 0.737277	0.334717 -0.656919 -0.675590	46.860367 -91.968648 -59.582629
593	0.397102 -0.546564 0.737277	0.433361 -0.596470 -0.675590	60.670504 -83.505785 -59.582629
594	0.477714 -0.477714 0.737277	0.521334 -0.521334 -0.675590	72.986733 -72.986733 -59.582629
595	0.546564 -0.397102 0.737277	0.596470 -0.433361 -0.675590	83.505785 -60.670504 -59.582629
596	0.601955 -0.306712 0.737277	0.656919 -0.334717 -0.675590	91.968648 -46.860367 -59.582629
597	0.642524 -0.208769 0.737277	0.701192 -0.227831 -0.675590	98.166938 -31.896372 -59.582629
598	0.667273 -0.105686 0.737277	0.728200 -0.115336 -0.675590	101.948032 -16.146982 -59.582629
599	0.675590 -0.000000 0.737277	0.737277 -0.000000 -0.675590	103.218827 -0.000000 -59.582629
600	0.767578 0.121572 0.629320	0.621572 0.098447 -0.777146	87.020138 13.782636 -73.800435
601	0.739110 0.240151 0.629320	0.598519 0.194471 -0.777146	83.792696 27.225897 -73.800435
602	0.692442 0.352817 0.629320	0.560729 0.285705 -0.777146	78.502000 39.998767 -73.800435
603	0.628724 0.456795 0.629320	0.509131 0.369905 -0.777146	71.278325 51.786734 -73.800435
604	0.549525 0.549525 0.629320	0.444997 0.444997 -0.777146	62.299540 62.299540 -73.800435
605	0.456795 0.628724 0.629320	0.369905 0.509131 -0.777146	51.786734 71.278325 -73.800435
606	0.352817 0.692442 0.629320	0.285705 0.560729 -0.777146	39.998767 78.502000 -73.800435
607	0.240151 0.739110 0.629320	0.194471 0.598519 -0.777146	27.225897 83.792696 -73.800435
608	0.121572 0.767578 0.629320	0.098447 0.621572 -0.777146	13.782636 87.020138 -73.800435
609	0.000000 0.777146 0.629320	0.000000 0.629320 -0.777146	0.000000 88.104855 -73.800435
610	-0.121572 0.767578 0.629320	-0.098447 0.621572 -0.777146	-13.782636 87.020138 -73.800435
611	-0.240151 0.739110 0.629320	-0.194471 0.598519 -0.777146	-27.225897 83.792696 -73.800435
612	-0.352817 0.692442 0.629320	-0.285705 0.560729 -0.777146	-39.998767 78.502000 -73.800435
613	-0.456795 0.628724 0.629320	-0.369905 0.509131 -0.777146	-51.786734 71.278325 -73.800435
614	-0.549525 0.549525 0.629320	-0.444997 0.444997 -0.777146	-62.299540 62.299540 -73.800435
615	-0.628724 0.456795 0.629320	-0.509131 0.369905 -0.777146	-71.278325 51.786734 -73.800435
616	-0.692442 0.352817 0.629320	-0.560729 0.285705 -0.777146	-78.502000 39.998767 -73.800435
617	-0.739110 0.240151 0.629320	-0.598519 0.194471 -0.777146	-83.792696 27.225897 -73.800435
618	-0.767578 0.121572 0.629320	-0.621572 0.098447 -0.777146	-87.020138 13.782636 -73.800435
619	-0.777146 0.000000 0.629320	-0.629320 0.000000 -0.777146	-88.104855 0.000000 -73.800435
620	-0.767578 -0.121572 0.629320	-0.621572 -0.098447 -0.777146	-87.020138 -13.782636 -73.800435
621	-0.739110 -0.240151 0.629320	-0.598519 -0.194471 -0.777146	-83.792696 -27.225897 -73.800435
622	-0.692442 -0.352817 0.629320	-0.560729 -0.285705 -0.777146	-78.502000 -39.998767 -73.800435
623	-0.628724 -0.456795 0.629320	-0.509131 -0.369905 -0.777146	-71.278325 -51.786734 -73.800435
624	-0.549525 -0.549525 0.629320	-0.444997 -0.444997 -0.777146	-62.299540 -62.299540 -73.800435
625	-0.456795 -0.628724 0.629320	-0.369905 -0.509131 -0.777146	-51.786734 -71.278325 -73.800435
626	-0.352817 -0.692442 0.629320	-0.285705 -0.560729 -0.777146	-39.998767 -78.502000 -73.800435
627	-0.240151 -0.739110 0.629320	-0.194471 -0.598519 -0.777146	-27.225897 -83.792696 -73.800435
628	-0.121572 -0.767578 0.629320	-0.098447 -0.621572 -0.777146	-13.782636 -87.020138 -73.800435
629	-0.000000 -0.777146 0.629320	-0.000000 -0.629320 -0.777146	-0.000000 -88.104855 -73.800435
630	0.121572 -0.767578 0.629320	0.098447 -0.621572 -0.777146	13.782636 -87.020138 -73.800435
631	0.240151 -0.739110 0.629320	0.194471 -0.598519 -0.777146	27.225897 -83.792696 -73.800435
632	0.352817 -0.692442 0.629320	0.285705 -0.560729 -0.777146	39.998767 -78.502000 -73.800435
633	0.456795 -0.628724 0.629320	0.369905 -0.509131 -0.777146	51.786734 -71.278325 -73.800435
634	0.549525 -0.549525 0.629320	0.444997 -0.444997 -0.777146	62.299540 -62.299540 -73.800435
635	0.628724 -0.456795 0.629320	0.509131 -0.369905 -0.777146	71.278325 -51.786734 -73.800435
636	0.692442 -0.352817 0.629320	0.560729 -0.285705 -0.777146	78.502000 -39.998767 -73.800435
637	0.739110 -0.240151 0.629320	0.598519 -0.194471 -0.777146	83.792696 -27.225897 -73.800435
638	0.767578 -0.121572 0.629320	0.621572 -0.098447 -0.777146	87.020138 -13.782636 -73.800435
639	0.777146 -0.000000 0.629320	0.629320 -0.000000 -0.777146	88.104855 -0.000000 -73.800435
640	0.851021 0.134788 0.507538	0.501290 0.079396 -0.861629	70.180561 11.115509 -85.628082
641	0.819458 0.266258 0.507538	0.482698 0.156838 -0.861629	67.577673 21.957317 -85.628082
642	0.767717 0.391171 0.507538	0.452220 0.230418 -0.861629	63.310799 32.258463 -85.628082
643	0.697073 0.506453 0.507538	0.410607 0.298324 -0.861629	57.485003 41.765299 -85.628082
644	0.609264 0.609264 0.507538	0.358884 0.358884 -0.861629	50.243735 50.243735 -85.628082
645	0.506453 0.697073 0.507538	0.298324 0.410607 -0.861629	41.765299 57.485003 -85.628082
646	0.391171 0.767717 0.507538	0.230418 0.452220 -0.861629	32.258463 63.310799 -85.628082
647	0.266258 0.819458 0.507538	0.156838 0.482698 -0.861629	21.957317 67.577673 -85.628082
648	0.134788 0.851021 0.507538	0.079396 0.501290 -0.861629	11.115509 70.180561 -85.628082
649	0.000000 0.861629 0.507538	0.000000 0.507538 -0.861629	0.000000 71.055371 -85.628082
650	-0.134788 0.851021 0.507538	-0.079396 0.501290 -0.861629	-11.115509 70.180561 -85.628082
651	-0.266258 0.819458 0.507538	-0.156838 0.482698 -0.861629	-21.957317 67.577673 -85.628082
652	-0.391171 0.767717 0.507538	-0.230418 0.452220 -0.861629	-32.258463 63.310799 -85.628082
653	-0.506453 0.697073 0.507538	-0.298324 0.410607 -0.861629	-41.765299 57.485003 -85.628082
654	-0.609264 0.609264 0.507538	-0.358884 0.358884 -0.861629	-50.243735 50.243735 -85.628082
655	-0.697073 0.506453 0.507538	-0.410607 0.298324 -0.861629	-57.485003 41.765299 -85.628082
656	-0.767717 0.391171 0.507538	-0.452220 0.230418 -0.861629	-63.310799 32.258463 -85.628082
657	-0.819458 0.266258 0.507538	-0.482698 0.156838 -0.861629	-67.577673 21.957317 -85.628082
658	-0.851021 0.134788 0.507538	-0.501290 0.079396 -0.861629	-70.180561 11.115509 -85.628082
659	-0.861629 0.000000 0.507538	-0.507538 0.000000 -0.861629	-71.055371 0.000000 -85.628082
660	-0.851021 -0.134788 0.507538	-0.501290 -0.079396 -0.861629	-70.180561 -11.115509 -85.628082
661	-0.819458 -0.266258 0.507538	-0.482698 -0.156838 -0.861629	-67.577673 -21.957317 -85.628082
662	-0.767717 -0.391171 0.507538	-0.452220 -0.230418 -0.861629	-63.310799 -32.258463 -85.628082
663	-0.697073 -0.506453 0.507538	-0.410607 -0.298324 -0.861629	-57.485003 -41.765299 -85.628082
664	-0.609264 -0.609264 0.507538	-0.358884 -0.358884 -0.861629	-50.243735 -50.243735 -85.628082
665	-0.506453 -0.697073 0.507538	-0.298324 -0.410607 -0.861629	-41.765299 -57.485003 -85.628082
666	-0.391171 -0.767717 0.507538	-0.230418 -0.452220 -0.861629	-32.258463 -63.310799 -85.628082
667	-0.266258 -0.819458 0.507538	-0.156838 -0.482698 -0.861629	-21.957317 -67.577673 -85.628082
668	-0.134788 -0.851021 0.507538	-0.079396 -0.501290 -0.861629	-11.115509 -70.180561 -85.628082
669	-0.000000 -0.861629 0.507538	-0.000000 -0.507538 -0.861629	-0.000000 -71.055371 -85.628082
670	0.134788 -0.851021 0.507538	0.079396 -0.501290 -0.861629	11.115509 -70.180561 -85.628082
671	0.266258 -0.819458 0.507538	0.156838 -0.482698 -0.861629	21.957317 -67.577673 -85.628082
672	0.391171 -0.767717 0.507538	0.230418 -0.452220 -0.861629	32.258463 -63.310799 -85.628082
673	0.506453 -0.697073 0.507538	0.298324 -0.410607 -0.861629	41.765299 -57.485003 -85.628082
674	0.609264 -0.609264 0.507538	0.358884 -0.358884 -0.861629	50.243735 -50.243735 -85.628082
675	0.697073 -0.506453 0.507538	0.410607 -0.298324 -0.861629	57.485003 -41.765299 -85.628082
676	0.767717 -0.391171 0.507538	0.452220 -0.230418 -0.861629	63.310799 -32.258463 -85.628082
677	0.819458 -0.266258 0.507538	0.482698 -0.156838 -0.861629	67.577673 -21.957317 -85.628082
678	0.851021 -0.134788 0.507538	0.501290 -0.079396 -0.861629	70.180561 -11.115509 -85.628082
679	0.861629 -0.000000 0.507538	0.507538 -0.000000 -0.861629	71.055371 -0.000000 -85.628082
680	0.915769 0.145044 0.374607	0.369995 0.058601 -0.927184	51.799239 8.204193 -94.805740
681	0.881804 0.286516 0.374607	0.356272 0.115760 -0.927184	49.878086 16.206372 -94.805740
682	0.826127 0.420933 0.374607	0.333777 0.170068 -0.927184	46.728769 23.809497 -94.805740
683	0.750107 0.544985 0.374607	0.303063 0.220188 -0.927184	42.428834 30.826352 -94.805740
684	0.655618 0.655618 0.374607	0.264887 0.264887 -0.927184	37.084161 37.084161 -94.805740
685	0.544985 0.750107 0.374607	0.220188 0.303063 -0.927184	30.826352 42.428834 -94.805740
686	0.420933 0.826127 0.374607	0.170068 0.333777 -0.927184	23.809497 46.728769 -94.805740
687	0.286516 0.881804 0.374607	0.115760 0.356272 -0.927184	16.206372 49.878086 -94.805740
688	0.145044 0.915769 0.374607	0.058601 0.369995 -0.927184	8.204193 51.799239 -94.805740
689	0.000000 0.927184 0.374607	0.000000 0.374607 -0.927184	0.000000 52.444923 -94.805740
690	-0.145044 0.915769 0.374607	-0.058601 0.369995 -0.927184	-8.204193 51.799239 -94.805740
691	-0.286516 0.881804 0.374607	-0.115760 0.356272 -0.927184	-16.206372 49.878086 -94.805740
692	-0.420933 0.826127 0.374607	-0.170068 0.333777 -0.927184	-23.809497 46.728769 -94.805740
693	-0.544985 0.750107 0.374607	-0.220188 0.303063 -0.927184	-30.826352 42.428834 -94.805740
694	-0.655618 0.655618 0.374607	-0.264887 0.264887 -0.927184	-37.084161 37.084161 -94.805740
695	-0.750107 0.544985 0.374607	-0.303063 0.220188 -0.927184	-42.428834 30.826352 -94.805740
696	-0.826127 0.420933 0.374607	-0.333777 0.170068 -0.927184	-46.728769 23.809497 -94.805740
697	-0.881804 0.286516 0.374607	-0.356272 0.115760 -0.927184	-49.878086 16.206372 -94.805740
698	-0.915769 0.145044 0.374607	-0.369995 0.058601 -0.927184	-51.799239 8.204193 -94.805740
699	-0.927184 0.000000 0.374607	-0.374607 0.000000 -0.927184	-52.444923 0.000000 -94.805740
700	-0.915769 -0.145044 0.374607	-0.369995 -0.058601 -0.927184	-51.799239 -8.204193 -94.805740
701	-0.881804 -0.286516 0.374607	-0.356272 -0.115760 -0.927184	-49.878086 -16.206372 -94.805740
702	-0.826127 -0.420933 0.374607	-0.333777 -0.170068 -0.927184	-46.728769 -23.809497 -94.805740
703	-0.750107 -0.544985 0.374607	-0.303063 -0.220188 -0.927184	-42.428834 -30.826352 -94.805740
704	-0.655618 -0.655618 0.374607	-0.264887 -0.264887 -0.927184	-37.084161 -37.084161 -94.805740
705	-0.544985 -0.750107 0.374607	-0.220188 -0.303063 -0.927184	-30.826352 -42.428834 -94.805740
706	-0.420933 -0.826127 0.374607	-0.170068 -0.333777 -0.927184	-23.809497 -46.728769 -94.805740
707	-0.286516 -0.881804 0.374607	-0.115760 -0.356272 -0.927184	-16.206372 -49.878086 -94.805740
708	-0.145044 -0.915769 0.374607	-0.058601 -0.369995 -0.927184	-8.204193 -51.799239 -94.805740
709	-0.000000 -0.927184 0.374607	-0.000000 -0.374607 -0.927184	-0.000000 -52.444923 -94.805740
710	0.145044 -0.915769 0.374607	0.058601 -0.369995 -0.927184	8.204193 -51.799239 -94.805740
711	0.286516 -0.881804 0.374607	0.115760 -0.356272 -0.927184	16.206372 -49.878086 -94.805740
712	0.420933 -0.826127 0.374607	0.170068 -0.333777 -0.927184	23.809497 -46.728769 -94.805740
713	0.544985 -0.750107 0.374607	0.220188 -0.303063 -0.927184	30.826352 -42.428834 -94.805740
714	0.655618 -0.655618 0.374607	0.264887 -0.264887 -0.927184	37.084161 -37.084161 -94.805740
715	0.750107 -0.544985 0.374607	0.303063 -0.220188 -0.927184	42.428834 -30.826352 -94.805740
716	0.826127 -0.420933 0.374607	0.333777 -0.170068 -0.927184	46.728769 -23.809497 -94.805740
717	0.881804 -0.286516 0.374607	0.356272 -0.115760 -0.927184	49.878086 -16.206372 -94.805740
718	0.915769 -0.145044 0.374607	0.369995 -0.058601 -0.927184	51.799239 -8.204193 -94.805740
719	0.927184 -0.000000 0.374607	0.374607 -0.000000 -0.927184	52.444923 -0.000000 -94.805740
720	0.960398 0.152112 0.233445	0.230571 0.036519 -0.972370	32.279977 5.112646 -101.131789
721	0.924779 0.300479 0.233445	0.222020 0.072139 -0.972370	31.082763 10.099402 -101.131789
722	0.866388 0.441447 0.233445	0.208001 0.105982 -0.972370	29.120188 14.837477 -101.131789
723	0.786664 0.571545 0.233445	0.188861 0.137216 -0.972370	26.440577 19.210204 -101.131789
724	0.687569 0.687569 0.233445	0.165071 0.165071 -0.972370	23.109912 23.109912 -101.131789
725	0.571545 0.786664 0.233445	0.137216 0.188861 -0.972370	19.210204 26.440577 -101.131789
726	0.441447 0.866388 0.233445	0.105982 0.208001 -0.972370	14.837477 29.120188 -101.131789
727	0.300479 0.924779 0.233445	0.072139 0.222020 -0.972370	10.099402 31.082763 -101.131789
728	0.152112 0.960398 0.233445	0.036519 0.230571 -0.972370	5.112646 32.279977 -101.131789
729	0.000000 0.972370 0.233445	0.000000 0.233445 -0.972370	0.000000 32.682351 -101.131789
730	-0.152112 0.960398 0.233445	-0.036519 0.230571 -0.972370	-5.112646 32.279977 -101.131789
731	-0.300479 0.924779 0.233445	-0.072139 0.222020 -0.972370	-10.099402 31.082763 -101.131789
732	-0.441447 0.866388 0.233445	-0.105982 0.208001 -0.972370	-14.837477 29.120188 -101.131789
733	-0.571545 0.786664 0.233445	-0.137216 0.188861 -0.972370	-19.210204 26.440577 -101.131789
734	-0.687569 0.687569 0.233445	-0.165071 0.165071 -0.972370	-23.109912 23.109912 -101.131789
735	-0.786664 0.571545 0.233445	-0.188861 0.137216 -0.972370	-26.440577 19.210204 -101.131789
736	-0.866388 0.441447 0.233445	-0.208001 0.105982 -0.972370	-29.120188 14.837477 -101.131789
737	-0.924779 0.300479 0.233445	-0.222020 0.072139 -0.972370	-31.082763 10.099402 -101.131789
738	-0.960398 0.152112 0.233445	-0.230571 0.036519 -0.972370	-32.279977 5.112646 -101.131789
739	-0.972370 0.000000 0.233445	-0.233445 0.000000 -0.972370	-32.682351 0.000000 -101.131789
740	-0.960398 -0.152112 0.233445	-0.230571 -0.036519 -0.972370	-32.279977 -5.112646 -101.131789
741	-0.924779 -0.300479 0.233445	-0.222020 -0.072139 -0.972370	-31.082763 -10.099402 -101.131789
742	-0.866388 -0.441447 0.233445	-0.208001 -0.105982 -0.972370	-29.120188 -14.837477 -101.131789
743	-0.786664 -0.571545 0.233445	-0.188861 -0.137216 -0.972370	-26.440577 -19.210204 -101.131789
744	-0.687569 -0.687569 0.233445	-0.165071 -0.165071 -0.972370	-23.109912 -23.109912 -101.131789
745	-0.571545 -0.786664 0.233445	-0.137216 -0.188861 -0.972370	-19.210204 -26.440577 -101.131789
746	-0.441447 -0.866388 0.233445	-0.105982 -0.208001 -0.972370	-14.837477 -29.120188 -101.131789
747	-0.300479 -0.924779 0.233445	-0.072139 -0.222020 -0.972370	-10.099402 -31.082763 -101.131789
748	-0.152112 -0.960398 0.233445	-0.036519 -0.230571 -0.972370	-5.112646 -32.279977 -101.131789
749	-0.000000 -0.972370 0.233445	-0.000000 -0.233445 -0.972370	-0.000000 -32.682351 -101.131789
750	0.152112 -0.960398 0.233445	0.036519 -0.230571 -0.972370	5.112646 -32.279977 -101.131789
751	0.300479 -0.924779 0.233445	0.072139 -0.222020 -0.972370	10.099402 -31.082763 -101.131789
752	0.441447 -0.866388 0.233445	0.105982 -0.208001 -0.972370	14.837477 -29.120188 -101.131789
753	0.571545 -0.786664 0.233445	0.137216 -0.188861 -0.972370	19.210204 -26.440577 -101.131789
754	0.687569 -0.687569 0.233445	0.165071 -0.165071 -0.972370	23.109912 -23.109912 -101.131789
755	0.786664 -0.571545 0.233445	0.188861 -0.137216 -0.972370	26.440577 -19.210204 -101.131789
756	0.866388 -0.441447 0.233445	0.208001 -0.105982 -0.972370	29.120188 -14.837477 -101.131789
757	0.924779 -0.300479 0.233445	0.222020 -0.072139 -0.972370	31.082763 -10.099402 -101.131789
758	0.960398 -0.152112 0.233445	0.230571 -0.036519 -0.972370	32.279977 -5.112646 -101.131789
759	0.972370 -0.000000 0.233445	0.233445 -0.000000 -0.972370	32.682351 -0.000000 -101.131789
760	0.983930 0.155839 0.087156	0.086083 0.013634 -0.996195	12.051580 1.908783 -104.467258
761	0.947437 0.307841 0.087156	0.082890 0.026933 -0.996195	11.604605 3.770565 -104.467258
762	0.887616 0.452263 0.087156	0.077656 0.039568 -0.996195	10.871887 5.539503 -104.467258
763	0.805938 0.585549 0.087156	0.070510 0.051229 -0.996195	9.871467 7.172040 -104.467258
764	0.704416 0.704416 0.087156	0.061628 0.061628 -0.996195	8.627978 8.627978 -104.467258
765	0.585549 0.805938 0.087156	0.051229 0.070510 -0.996195	7.172040 9.871467 -104.467258
766	0.452263 0.887616 0.087156	0.039568 0.077656 -0.996195	5.539503 10.871887 -104.467258
767	0.307841 0.947437 0.087156	0.026933 0.082890 -0.996195	3.770565 11.604605 -104.467258
768	0.155839 0.983930 0.087156	0.013634 0.086083 -0.996195	1.908783 12.051580 -104.467258
769	0.000000 0.996195 0.087156	0.000000 0.087156 -0.996195	0.000000 12.201804 -104.467258
770	-0.155839 0.983930 0.087156	-0.013634 0.086083 -0.996195	-1.908783 12.051580 -104.467258
771	-0.307841 0.947437 0.087156	-0.026933 0.082890 -0.996195	-3.770565 11.604605 -104.467258
772	-0.452263 0.887616 0.087156	-0.039568 0.077656 -0.996195	-5.539503 10.871887 -104.467258
773	-0.585549 0.805938 0.087156	-0.051229 0.070510 -0.996195	-7.172040 9.871467 -104.467258
774	-0.704416 0.704416 0.087156	-0.061628 0.061628 -0.996195	-8.627978 8.627978 -104.467258
775	-0.805938 0.585549 0.087156	-0.070510 0.051229 -0.996195	-9.871467 7.172040 -104.467258
776	-0.887616 0.452263 0.087156	-0.077656 0.039568 -0.996195	-10.871887 5.539503 -104.467258
777	-0.947437 0.307841 0.087156	-0.082890 0.026933 -0.996195	-11.604605 3.770565 -104.467258
778	-0.983930 0.155839 0.087156	-0.086083 0.013634 -0.996195	-12.051580 1.908783 -104.467258
779	-0.996195 0.000000 0.087156	-0.087156 0.000000 -0.996195	-12.201804 0.000000 -104.467258
780	-0.983930 -0.155839 0.087156	-0.086083 -0.013634 -0.996195	-12.051580 -1.908783 -104.467258
781	-0.947437 -0.307841 0.087156	-0.082890 -0.026933 -0.996195	-11.604605 -3.770565 -104.467258
782	-0.887616 -0.452263 0.087156	-0.077656 -0.039568 -0.996195	-10.871887 -5.539503 -104.467258
783	-0.805938 -0.585549 0.087156	-0.070510 -0.051229 -0.996195	-9.871467 -7.172040 -104.467258
784	-0.704416 -0.704416 0.087156	-0.061628 -0.061628 -0.996195	-8.627978 -8.627978 -104.467258
785	-0.585549 -0.805938 0.087156	-0.051229 -0.070510 -0.996195	-7.172040 -9.871467 -104.467258
786	-0.452263 -0.887616 0.087156	-0.039568 -0.077656 -0.996195	-5.539503 -10.871887 -104.467258
787	-0.307841 -0.947437 0.087156	-0.026933 -0.082890 -0.996195	-3.770565 -11.604605 -104.467258
788	-0.155839 -0.983930 0.087156	-0.013634 -0.086083 -0.996195	-1.908783 -12.051580 -104.467258
789	-0.000000 -0.996195 0.087156	-0.000000 -0.087156 -0.996195	-0.000000 -12.201804 -104.467258
790	0.155839 -0.983930 0.087156	0.013634 -0.086083 -0.996195	1.908783 -12.051580 -104.467258
791	0.307841 -0.947437 0.087156	0.026933 -0.082890 -0.996195	3.770565 -11.604605 -104.467258
792	0.452263 -0.887616 0.087156	0.039568 -0.077656 -0.996195	5.539503 -10.871887 -104.467258
793	0.585549 -0.805938 0.087156	0.051229 -0.070510 -0.996195	7.172040 -9.871467 -104.467258
794	0.704416 -0.704416 0.087156	0.061628 -0.061628 -0.996195	8.627978 -8.627978 -104.467258
795	0.805938 -0.585549 0.087156	0.070510 -0.051229 -0.996195	9.871467 -7.172040 -104.467258
796	0.887616 -0.452263 0.087156	0.077656 -0.039568 -0.996195	10.871887 -5.539503 -104.467258
797	0.947437 -0.307841 0.087156	0.082890 -0.026933 -0.996195	11.604605 -3.770565 -104.467258
798	0.983930 -0.155839 0.087156	0.086083 -0.013634 -0.996195	12.051580 -1.908783 -104.467258
799	0.996195 -0.000000 0.087156	0.087156 -0.000000 -0.996195	12.201804 -0.000000 -104.467258
