## index fx fy cx cy imageWidth imageHeight
0	1236.077344 1236.077344	512.000000 512.000000	1024 1024
1	1236.077344 1236.077344	512.000000 512.000000	1024 1024
2	1236.077344 1236.077344	512.000000 512.000000	1024 1024
3	1236.077344 1236.077344	512.000000 512.000000	1024 1024
4	1236.077344 1236.077344	512.000000 512.000000	1024 1024
5	1236.077344 1236.077344	512.000000 512.000000	1024 1024
6	1236.077344 1236.077344	512.000000 512.000000	1024 1024
7	1236.077344 1236.077344	512.000000 512.000000	1024 1024
8	1236.077344 1236.077344	512.000000 512.000000	1024 1024
9	1236.077344 1236.077344	512.000000 512.000000	1024 1024
10	1236.077344 1236.077344	512.000000 512.000000	1024 1024
11	1236.077344 1236.077344	512.000000 512.000000	1024 1024
12	1236.077344 1236.077344	512.000000 512.000000	1024 1024
13	1236.077344 1236.077344	512.000000 512.000000	1024 1024
14	1236.077344 1236.077344	512.000000 512.000000	1024 1024
15	1236.077344 1236.077344	512.000000 512.000000	1024 1024
16	1236.077344 1236.077344	512.000000 512.000000	1024 1024
17	1236.077344 1236.077344	512.000000 512.000000	1024 1024
18	1236.077344 1236.077344	512.000000 512.000000	1024 1024
19	1236.077344 1236.077344	512.000000 512.000000	1024 1024
20	1236.077344 1236.077344	512.000000 512.000000	1024 1024
21	1236.077344 1236.077344	512.000000 512.000000	1024 1024
22	1236.077344 1236.077344	512.000000 512.000000	1024 1024
23	1236.077344 1236.077344	512.000000 512.000000	1024 1024
24	1236.077344 1236.077344	512.000000 512.000000	1024 1024
25	1236.077344 1236.077344	512.000000 512.000000	1024 1024
26	1236.077344 1236.077344	512.000000 512.000000	1024 1024
27	1236.077344 1236.077344	512.000000 512.000000	1024 1024
28	1236.077344 1236.077344	512.000000 512.000000	1024 1024
29	1236.077344 1236.077344	512.000000 512.000000	1024 1024
30	1236.077344 1236.077344	512.000000 512.000000	1024 1024
31	1236.077344 1236.077344	512.000000 512.000000	1024 1024
32	1236.077344 1236.077344	512.000000 512.000000	1024 1024
33	1236.077344 1236.077344	512.000000 512.000000	1024 1024
34	1236.077344 1236.077344	512.000000 512.000000	1024 1024
35	1236.077344 1236.077344	512.000000 512.000000	1024 1024
36	1236.077344 1236.077344	512.000000 512.000000	1024 1024
37	1236.077344 1236.077344	512.000000 512.000000	1024 1024
38	1236.077344 1236.077344	512.000000 512.000000	1024 1024
39	1236.077344 1236.077344	512.000000 512.000000	1024 1024
40	1236.077344 1236.077344	512.000000 512.000000	1024 1024
41	1236.077344 1236.077344	512.000000 512.000000	1024 1024
42	1236.077344 1236.077344	512.000000 512.000000	1024 1024
43	1236.077344 1236.077344	512.000000 512.000000	1024 1024
44	1236.077344 1236.077344	512.000000 512.000000	1024 1024
45	1236.077344 1236.077344	512.000000 512.000000	1024 1024
46	1236.077344 1236.077344	512.000000 512.000000	1024 1024
47	1236.077344 1236.077344	512.000000 512.000000	1024 1024
48	1236.077344 1236.077344	512.000000 512.000000	1024 1024
49	1236.077344 1236.077344	512.000000 512.000000	1024 1024
50	1236.077344 1236.077344	512.000000 512.000000	1024 1024
51	1236.077344 1236.077344	512.000000 512.000000	1024 1024
52	1236.077344 1236.077344	512.000000 512.000000	1024 1024
53	1236.077344 1236.077344	512.000000 512.000000	1024 1024
54	1236.077344 1236.077344	512.000000 512.000000	1024 1024
55	1236.077344 1236.077344	512.000000 512.000000	1024 1024
56	1236.077344 1236.077344	512.000000 512.000000	1024 1024
57	1236.077344 1236.077344	512.000000 512.000000	1024 1024
58	1236.077344 1236.077344	512.000000 512.000000	1024 1024
59	1236.077344 1236.077344	512.000000 512.000000	1024 1024
60	1236.077344 1236.077344	512.000000 512.000000	1024 1024
61	1236.077344 1236.077344	512.000000 512.000000	1024 1024
62	1236.077344 1236.077344	512.000000 512.000000	1024 1024
63	1236.077344 1236.077344	512.000000 512.000000	1024 1024
64	1236.077344 1236.077344	512.000000 512.000000	1024 1024
65	1236.077344 1236.077344	512.000000 512.000000	1024 1024
66	1236.077344 1236.077344	512.000000 512.000000	1024 1024
67	1236.077344 1236.077344	512.000000 512.000000	1024 1024
68	1236.077344 1236.077344	512.000000 512.000000	1024 1024
69	1236.077344 1236.077344	512.000000 512.000000	1024 1024
70	1236.077344 1236.077344	512.000000 512.000000	1024 1024
71	1236.077344 1236.077344	512.000000 512.000000	1024 1024
72	1236.077344 1236.077344	512.000000 512.000000	1024 1024
73	1236.077344 1236.077344	512.000000 512.000000	1024 1024
74	1236.077344 1236.077344	512.000000 512.000000	1024 1024
75	1236.077344 1236.077344	512.000000 512.000000	1024 1024
76	1236.077344 1236.077344	512.000000 512.000000	1024 1024
77	1236.077344 1236.077344	512.000000 512.000000	1024 1024
78	1236.077344 1236.077344	512.000000 512.000000	1024 1024
79	1236.077344 1236.077344	512.000000 512.000000	1024 1024
80	1236.077344 1236.077344	512.000000 512.000000	1024 1024
81	1236.077344 1236.077344	512.000000 512.000000	1024 1024
82	1236.077344 1236.077344	512.000000 512.000000	1024 1024
83	1236.077344 1236.077344	512.000000 512.000000	1024 1024
84	1236.077344 1236.077344	512.000000 512.000000	1024 1024
85	1236.077344 1236.077344	512.000000 512.000000	1024 1024
86	1236.077344 1236.077344	512.000000 512.000000	1024 1024
87	1236.077344 1236.077344	512.000000 512.000000	1024 1024
88	1236.077344 1236.077344	512.000000 512.000000	1024 1024
89	1236.077344 1236.077344	512.000000 512.000000	1024 1024
90	1236.077344 1236.077344	512.000000 512.000000	1024 1024
91	1236.077344 1236.077344	512.000000 512.000000	1024 1024
92	1236.077344 1236.077344	512.000000 512.000000	1024 1024
93	1236.077344 1236.077344	512.000000 512.000000	1024 1024
94	1236.077344 1236.077344	512.000000 512.000000	1024 1024
95	1236.077344 1236.077344	512.000000 512.000000	1024 1024
96	1236.077344 1236.077344	512.000000 512.000000	1024 1024
97	1236.077344 1236.077344	512.000000 512.000000	1024 1024
98	1236.077344 1236.077344	512.000000 512.000000	1024 1024
99	1236.077344 1236.077344	512.000000 512.000000	1024 1024
100	1236.077344 1236.077344	512.000000 512.000000	1024 1024
101	1236.077344 1236.077344	512.000000 512.000000	1024 1024
102	1236.077344 1236.077344	512.000000 512.000000	1024 1024
103	1236.077344 1236.077344	512.000000 512.000000	1024 1024
104	1236.077344 1236.077344	512.000000 512.000000	1024 1024
105	1236.077344 1236.077344	512.000000 512.000000	1024 1024
106	1236.077344 1236.077344	512.000000 512.000000	1024 1024
107	1236.077344 1236.077344	512.000000 512.000000	1024 1024
108	1236.077344 1236.077344	512.000000 512.000000	1024 1024
109	1236.077344 1236.077344	512.000000 512.000000	1024 1024
110	1236.077344 1236.077344	512.000000 512.000000	1024 1024
111	1236.077344 1236.077344	512.000000 512.000000	1024 1024
112	1236.077344 1236.077344	512.000000 512.000000	1024 1024
113	1236.077344 1236.077344	512.000000 512.000000	1024 1024
114	1236.077344 1236.077344	512.000000 512.000000	1024 1024
115	1236.077344 1236.077344	512.000000 512.000000	1024 1024
116	1236.077344 1236.077344	512.000000 512.000000	1024 1024
117	1236.077344 1236.077344	512.000000 512.000000	1024 1024
118	1236.077344 1236.077344	512.000000 512.000000	1024 1024
119	1236.077344 1236.077344	512.000000 512.000000	1024 1024
120	1236.077344 1236.077344	512.000000 512.000000	1024 1024
121	1236.077344 1236.077344	512.000000 512.000000	1024 1024
122	1236.077344 1236.077344	512.000000 512.000000	1024 1024
123	1236.077344 1236.077344	512.000000 512.000000	1024 1024
124	1236.077344 1236.077344	512.000000 512.000000	1024 1024
125	1236.077344 1236.077344	512.000000 512.000000	1024 1024
126	1236.077344 1236.077344	512.000000 512.000000	1024 1024
127	1236.077344 1236.077344	512.000000 512.000000	1024 1024
128	1236.077344 1236.077344	512.000000 512.000000	1024 1024
129	1236.077344 1236.077344	512.000000 512.000000	1024 1024
130	1236.077344 1236.077344	512.000000 512.000000	1024 1024
131	1236.077344 1236.077344	512.000000 512.000000	1024 1024
132	1236.077344 1236.077344	512.000000 512.000000	1024 1024
133	1236.077344 1236.077344	512.000000 512.000000	1024 1024
134	1236.077344 1236.077344	512.000000 512.000000	1024 1024
135	1236.077344 1236.077344	512.000000 512.000000	1024 1024
136	1236.077344 1236.077344	512.000000 512.000000	1024 1024
137	1236.077344 1236.077344	512.000000 512.000000	1024 1024
138	1236.077344 1236.077344	512.000000 512.000000	1024 1024
139	1236.077344 1236.077344	512.000000 512.000000	1024 1024
140	1236.077344 1236.077344	512.000000 512.000000	1024 1024
141	1236.077344 1236.077344	512.000000 512.000000	1024 1024
142	1236.077344 1236.077344	512.000000 512.000000	1024 1024
143	1236.077344 1236.077344	512.000000 512.000000	1024 1024
144	1236.077344 1236.077344	512.000000 512.000000	1024 1024
145	1236.077344 1236.077344	512.000000 512.000000	1024 1024
146	1236.077344 1236.077344	512.000000 512.000000	1024 1024
147	1236.077344 1236.077344	512.000000 512.000000	1024 1024
148	1236.077344 1236.077344	512.000000 512.000000	1024 1024
149	1236.077344 1236.077344	512.000000 512.000000	1024 1024
150	1236.077344 1236.077344	512.000000 512.000000	1024 1024
151	1236.077344 1236.077344	512.000000 512.000000	1024 1024
152	1236.077344 1236.077344	512.000000 512.000000	1024 1024
153	1236.077344 1236.077344	512.000000 512.000000	1024 1024
154	1236.077344 1236.077344	512.000000 512.000000	1024 1024
155	1236.077344 1236.077344	512.000000 512.000000	1024 1024
156	1236.077344 1236.077344	512.000000 512.000000	1024 1024
157	1236.077344 1236.077344	512.000000 512.000000	1024 1024
158	1236.077344 1236.077344	512.000000 512.000000	1024 1024
159	1236.077344 1236.077344	512.000000 512.000000	1024 1024
160	1236.077344 1236.077344	512.000000 512.000000	1024 1024
161	1236.077344 1236.077344	512.000000 512.000000	1024 1024
162	1236.077344 1236.077344	512.000000 512.000000	1024 1024
163	1236.077344 1236.077344	512.000000 512.000000	1024 1024
164	1236.077344 1236.077344	512.000000 512.000000	1024 1024
165	1236.077344 1236.077344	512.000000 512.000000	1024 1024
166	1236.077344 1236.077344	512.000000 512.000000	1024 1024
167	1236.077344 1236.077344	512.000000 512.000000	1024 1024
168	1236.077344 1236.077344	512.000000 512.000000	1024 1024
169	1236.077344 1236.077344	512.000000 512.000000	1024 1024
170	1236.077344 1236.077344	512.000000 512.000000	1024 1024
171	1236.077344 1236.077344	512.000000 512.000000	1024 1024
172	1236.077344 1236.077344	512.000000 512.000000	1024 1024
173	1236.077344 1236.077344	512.000000 512.000000	1024 1024
174	1236.077344 1236.077344	512.000000 512.000000	1024 1024
175	1236.077344 1236.077344	512.000000 512.000000	1024 1024
176	1236.077344 1236.077344	512.000000 512.000000	1024 1024
177	1236.077344 1236.077344	512.000000 512.000000	1024 1024
178	1236.077344 1236.077344	512.000000 512.000000	1024 1024
179	1236.077344 1236.077344	512.000000 512.000000	1024 1024
180	1236.077344 1236.077344	512.000000 512.000000	1024 1024
181	1236.077344 1236.077344	512.000000 512.000000	1024 1024
182	1236.077344 1236.077344	512.000000 512.000000	1024 1024
183	1236.077344 1236.077344	512.000000 512.000000	1024 1024
184	1236.077344 1236.077344	512.000000 512.000000	1024 1024
185	1236.077344 1236.077344	512.000000 512.000000	1024 1024
186	1236.077344 1236.077344	512.000000 512.000000	1024 1024
187	1236.077344 1236.077344	512.000000 512.000000	1024 1024
188	1236.077344 1236.077344	512.000000 512.000000	1024 1024
189	1236.077344 1236.077344	512.000000 512.000000	1024 1024
190	1236.077344 1236.077344	512.000000 512.000000	1024 1024
191	1236.077344 1236.077344	512.000000 512.000000	1024 1024
192	1236.077344 1236.077344	512.000000 512.000000	1024 1024
193	1236.077344 1236.077344	512.000000 512.000000	1024 1024
194	1236.077344 1236.077344	512.000000 512.000000	1024 1024
195	1236.077344 1236.077344	512.000000 512.000000	1024 1024
196	1236.077344 1236.077344	512.000000 512.000000	1024 1024
197	1236.077344 1236.077344	512.000000 512.000000	1024 1024
198	1236.077344 1236.077344	512.000000 512.000000	1024 1024
199	1236.077344 1236.077344	512.000000 512.000000	1024 1024
200	1236.077344 1236.077344	512.000000 512.000000	1024 1024
201	1236.077344 1236.077344	512.000000 512.000000	1024 1024
202	1236.077344 1236.077344	512.000000 512.000000	1024 1024
203	1236.077344 1236.077344	512.000000 512.000000	1024 1024
204	1236.077344 1236.077344	512.000000 512.000000	1024 1024
205	1236.077344 1236.077344	512.000000 512.000000	1024 1024
206	1236.077344 1236.077344	512.000000 512.000000	1024 1024
207	1236.077344 1236.077344	512.000000 512.000000	1024 1024
208	1236.077344 1236.077344	512.000000 512.000000	1024 1024
209	1236.077344 1236.077344	512.000000 512.000000	1024 1024
210	1236.077344 1236.077344	512.000000 512.000000	1024 1024
211	1236.077344 1236.077344	512.000000 512.000000	1024 1024
212	1236.077344 1236.077344	512.000000 512.000000	1024 1024
213	1236.077344 1236.077344	512.000000 512.000000	1024 1024
214	1236.077344 1236.077344	512.000000 512.000000	1024 1024
215	1236.077344 1236.077344	512.000000 512.000000	1024 1024
216	1236.077344 1236.077344	512.000000 512.000000	1024 1024
217	1236.077344 1236.077344	512.000000 512.000000	1024 1024
218	1236.077344 1236.077344	512.000000 512.000000	1024 1024
219	1236.077344 1236.077344	512.000000 512.000000	1024 1024
220	1236.077344 1236.077344	512.000000 512.000000	1024 1024
221	1236.077344 1236.077344	512.000000 512.000000	1024 1024
222	1236.077344 1236.077344	512.000000 512.000000	1024 1024
223	1236.077344 1236.077344	512.000000 512.000000	1024 1024
224	1236.077344 1236.077344	512.000000 512.000000	1024 1024
225	1236.077344 1236.077344	512.000000 512.000000	1024 1024
226	1236.077344 1236.077344	512.000000 512.000000	1024 1024
227	1236.077344 1236.077344	512.000000 512.000000	1024 1024
228	1236.077344 1236.077344	512.000000 512.000000	1024 1024
229	1236.077344 1236.077344	512.000000 512.000000	1024 1024
230	1236.077344 1236.077344	512.000000 512.000000	1024 1024
231	1236.077344 1236.077344	512.000000 512.000000	1024 1024
232	1236.077344 1236.077344	512.000000 512.000000	1024 1024
233	1236.077344 1236.077344	512.000000 512.000000	1024 1024
234	1236.077344 1236.077344	512.000000 512.000000	1024 1024
235	1236.077344 1236.077344	512.000000 512.000000	1024 1024
236	1236.077344 1236.077344	512.000000 512.000000	1024 1024
237	1236.077344 1236.077344	512.000000 512.000000	1024 1024
238	1236.077344 1236.077344	512.000000 512.000000	1024 1024
239	1236.077344 1236.077344	512.000000 512.000000	1024 1024
240	1236.077344 1236.077344	512.000000 512.000000	1024 1024
241	1236.077344 1236.077344	512.000000 512.000000	1024 1024
242	1236.077344 1236.077344	512.000000 512.000000	1024 1024
243	1236.077344 1236.077344	512.000000 512.000000	1024 1024
244	1236.077344 1236.077344	512.000000 512.000000	1024 1024
245	1236.077344 1236.077344	512.000000 512.000000	1024 1024
246	1236.077344 1236.077344	512.000000 512.000000	1024 1024
247	1236.077344 1236.077344	512.000000 512.000000	1024 1024
248	1236.077344 1236.077344	512.000000 512.000000	1024 1024
249	1236.077344 1236.077344	512.000000 512.000000	1024 1024
250	1236.077344 1236.077344	512.000000 512.000000	1024 1024
251	1236.077344 1236.077344	512.000000 512.000000	1024 1024
252	1236.077344 1236.077344	512.000000 512.000000	1024 1024
253	1236.077344 1236.077344	512.000000 512.000000	1024 1024
254	1236.077344 1236.077344	512.000000 512.000000	1024 1024
255	1236.077344 1236.077344	512.000000 512.000000	1024 1024
256	1236.077344 1236.077344	512.000000 512.000000	1024 1024
257	1236.077344 1236.077344	512.000000 512.000000	1024 1024
258	1236.077344 1236.077344	512.000000 512.000000	1024 1024
259	1236.077344 1236.077344	512.000000 512.000000	1024 1024
260	1236.077344 1236.077344	512.000000 512.000000	1024 1024
261	1236.077344 1236.077344	512.000000 512.000000	1024 1024
262	1236.077344 1236.077344	512.000000 512.000000	1024 1024
263	1236.077344 1236.077344	512.000000 512.000000	1024 1024
264	1236.077344 1236.077344	512.000000 512.000000	1024 1024
265	1236.077344 1236.077344	512.000000 512.000000	1024 1024
266	1236.077344 1236.077344	512.000000 512.000000	1024 1024
267	1236.077344 1236.077344	512.000000 512.000000	1024 1024
268	1236.077344 1236.077344	512.000000 512.000000	1024 1024
269	1236.077344 1236.077344	512.000000 512.000000	1024 1024
270	1236.077344 1236.077344	512.000000 512.000000	1024 1024
271	1236.077344 1236.077344	512.000000 512.000000	1024 1024
272	1236.077344 1236.077344	512.000000 512.000000	1024 1024
273	1236.077344 1236.077344	512.000000 512.000000	1024 1024
274	1236.077344 1236.077344	512.000000 512.000000	1024 1024
275	1236.077344 1236.077344	512.000000 512.000000	1024 1024
276	1236.077344 1236.077344	512.000000 512.000000	1024 1024
277	1236.077344 1236.077344	512.000000 512.000000	1024 1024
278	1236.077344 1236.077344	512.000000 512.000000	1024 1024
279	1236.077344 1236.077344	512.000000 512.000000	1024 1024
280	1236.077344 1236.077344	512.000000 512.000000	1024 1024
281	1236.077344 1236.077344	512.000000 512.000000	1024 1024
282	1236.077344 1236.077344	512.000000 512.000000	1024 1024
283	1236.077344 1236.077344	512.000000 512.000000	1024 1024
284	1236.077344 1236.077344	512.000000 512.000000	1024 1024
285	1236.077344 1236.077344	512.000000 512.000000	1024 1024
286	1236.077344 1236.077344	512.000000 512.000000	1024 1024
287	1236.077344 1236.077344	512.000000 512.000000	1024 1024
288	1236.077344 1236.077344	512.000000 512.000000	1024 1024
289	1236.077344 1236.077344	512.000000 512.000000	1024 1024
290	1236.077344 1236.077344	512.000000 512.000000	1024 1024
291	1236.077344 1236.077344	512.000000 512.000000	1024 1024
292	1236.077344 1236.077344	512.000000 512.000000	1024 1024
293	1236.077344 1236.077344	512.000000 512.000000	1024 1024
294	1236.077344 1236.077344	512.000000 512.000000	1024 1024
295	1236.077344 1236.077344	512.000000 512.000000	1024 1024
296	1236.077344 1236.077344	512.000000 512.000000	1024 1024
297	1236.077344 1236.077344	512.000000 512.000000	1024 1024
298	1236.077344 1236.077344	512.000000 512.000000	1024 1024
299	1236.077344 1236.077344	512.000000 512.000000	1024 1024
300	1236.077344 1236.077344	512.000000 512.000000	1024 1024
301	1236.077344 1236.077344	512.000000 512.000000	1024 1024
302	1236.077344 1236.077344	512.000000 512.000000	1024 1024
303	1236.077344 1236.077344	512.000000 512.000000	1024 1024
304	1236.077344 1236.077344	512.000000 512.000000	1024 1024
305	1236.077344 1236.077344	512.000000 512.000000	1024 1024
306	1236.077344 1236.077344	512.000000 512.000000	1024 1024
307	1236.077344 1236.077344	512.000000 512.000000	1024 1024
308	1236.077344 1236.077344	512.000000 512.000000	1024 1024
309	1236.077344 1236.077344	512.000000 512.000000	1024 1024
310	1236.077344 1236.077344	512.000000 512.000000	1024 1024
311	1236.077344 1236.077344	512.000000 512.000000	1024 1024
312	1236.077344 1236.077344	512.000000 512.000000	1024 1024
313	1236.077344 1236.077344	512.000000 512.000000	1024 1024
314	1236.077344 1236.077344	512.000000 512.000000	1024 1024
315	1236.077344 1236.077344	512.000000 512.000000	1024 1024
316	1236.077344 1236.077344	512.000000 512.000000	1024 1024
317	1236.077344 1236.077344	512.000000 512.000000	1024 1024
318	1236.077344 1236.077344	512.000000 512.000000	1024 1024
319	1236.077344 1236.077344	512.000000 512.000000	1024 1024
320	1236.077344 1236.077344	512.000000 512.000000	1024 1024
321	1236.077344 1236.077344	512.000000 512.000000	1024 1024
322	1236.077344 1236.077344	512.000000 512.000000	1024 1024
323	1236.077344 1236.077344	512.000000 512.000000	1024 1024
324	1236.077344 1236.077344	512.000000 512.000000	1024 1024
325	1236.077344 1236.077344	512.000000 512.000000	1024 1024
326	1236.077344 1236.077344	512.000000 512.000000	1024 1024
327	1236.077344 1236.077344	512.000000 512.000000	1024 1024
328	1236.077344 1236.077344	512.000000 512.000000	1024 1024
329	1236.077344 1236.077344	512.000000 512.000000	1024 1024
330	1236.077344 1236.077344	512.000000 512.000000	1024 1024
331	1236.077344 1236.077344	512.000000 512.000000	1024 1024
332	1236.077344 1236.077344	512.000000 512.000000	1024 1024
333	1236.077344 1236.077344	512.000000 512.000000	1024 1024
334	1236.077344 1236.077344	512.000000 512.000000	1024 1024
335	1236.077344 1236.077344	512.000000 512.000000	1024 1024
336	1236.077344 1236.077344	512.000000 512.000000	1024 1024
337	1236.077344 1236.077344	512.000000 512.000000	1024 1024
338	1236.077344 1236.077344	512.000000 512.000000	1024 1024
339	1236.077344 1236.077344	512.000000 512.000000	1024 1024
340	1236.077344 1236.077344	512.000000 512.000000	1024 1024
341	1236.077344 1236.077344	512.000000 512.000000	1024 1024
342	1236.077344 1236.077344	512.000000 512.000000	1024 1024
343	1236.077344 1236.077344	512.000000 512.000000	1024 1024
344	1236.077344 1236.077344	512.000000 512.000000	1024 1024
345	1236.077344 1236.077344	512.000000 512.000000	1024 1024
346	1236.077344 1236.077344	512.000000 512.000000	1024 1024
347	1236.077344 1236.077344	512.000000 512.000000	1024 1024
348	1236.077344 1236.077344	512.000000 512.000000	1024 1024
349	1236.077344 1236.077344	512.000000 512.000000	1024 1024
350	1236.077344 1236.077344	512.000000 512.000000	1024 1024
351	1236.077344 1236.077344	512.000000 512.000000	1024 1024
352	1236.077344 1236.077344	512.000000 512.000000	1024 1024
353	1236.077344 1236.077344	512.000000 512.000000	1024 1024
354	1236.077344 1236.077344	512.000000 512.000000	1024 1024
355	1236.077344 1236.077344	512.000000 512.000000	1024 1024
356	1236.077344 1236.077344	512.000000 512.000000	1024 1024
357	1236.077344 1236.077344	512.000000 512.000000	1024 1024
358	1236.077344 1236.077344	512.000000 512.000000	1024 1024
359	1236.077344 1236.077344	512.000000 512.000000	1024 1024
360	1236.077344 1236.077344	512.000000 512.000000	1024 1024
361	1236.077344 1236.077344	512.000000 512.000000	1024 1024
362	1236.077344 1236.077344	512.000000 512.000000	1024 1024
363	1236.077344 1236.077344	512.000000 512.000000	1024 1024
364	1236.077344 1236.077344	512.000000 512.000000	1024 1024
365	1236.077344 1236.077344	512.000000 512.000000	1024 1024
366	1236.077344 1236.077344	512.000000 512.000000	1024 1024
367	1236.077344 1236.077344	512.000000 512.000000	1024 1024
368	1236.077344 1236.077344	512.000000 512.000000	1024 1024
369	1236.077344 1236.077344	512.000000 512.000000	1024 1024
370	1236.077344 1236.077344	512.000000 512.000000	1024 1024
371	1236.077344 1236.077344	512.000000 512.000000	1024 1024
372	1236.077344 1236.077344	512.000000 512.000000	1024 1024
373	1236.077344 1236.077344	512.000000 512.000000	1024 1024
374	1236.077344 1236.077344	512.000000 512.000000	1024 1024
375	1236.077344 1236.077344	512.000000 512.000000	1024 1024
376	1236.077344 1236.077344	512.000000 512.000000	1024 1024
377	1236.077344 1236.077344	512.000000 512.000000	1024 1024
378	1236.077344 1236.077344	512.000000 512.000000	1024 1024
379	1236.077344 1236.077344	512.000000 512.000000	1024 1024
380	1236.077344 1236.077344	512.000000 512.000000	1024 1024
381	1236.077344 1236.077344	512.000000 512.000000	1024 1024
382	1236.077344 1236.077344	512.000000 512.000000	1024 1024
383	1236.077344 1236.077344	512.000000 512.000000	1024 1024
384	1236.077344 1236.077344	512.000000 512.000000	1024 1024
385	1236.077344 1236.077344	512.000000 512.000000	1024 1024
386	1236.077344 1236.077344	512.000000 512.000000	1024 1024
387	1236.077344 1236.077344	512.000000 512.000000	1024 1024
388	1236.077344 1236.077344	512.000000 512.000000	1024 1024
389	1236.077344 1236.077344	512.000000 512.000000	1024 1024
390	1236.077344 1236.077344	512.000000 512.000000	1024 1024
391	1236.077344 1236.077344	512.000000 512.000000	1024 1024
392	1236.077344 1236.077344	512.000000 512.000000	1024 1024
393	1236.077344 1236.077344	512.000000 512.000000	1024 1024
394	1236.077344 1236.077344	512.000000 512.000000	1024 1024
395	1236.077344 1236.077344	512.000000 512.000000	1024 1024
396	1236.077344 1236.077344	512.000000 512.000000	1024 1024
397	1236.077344 1236.077344	512.000000 512.000000	1024 1024
398	1236.077344 1236.077344	512.000000 512.000000	1024 1024
399	1236.077344 1236.077344	512.000000 512.000000	1024 1024
400	1236.077344 1236.077344	512.000000 512.000000	1024 1024
401	1236.077344 1236.077344	512.000000 512.000000	1024 1024
402	1236.077344 1236.077344	512.000000 512.000000	1024 1024
403	1236.077344 1236.077344	512.000000 512.000000	1024 1024
404	1236.077344 1236.077344	512.000000 512.000000	1024 1024
405	1236.077344 1236.077344	512.000000 512.000000	1024 1024
406	1236.077344 1236.077344	512.000000 512.000000	1024 1024
407	1236.077344 1236.077344	512.000000 512.000000	1024 1024
408	1236.077344 1236.077344	512.000000 512.000000	1024 1024
409	1236.077344 1236.077344	512.000000 512.000000	1024 1024
410	1236.077344 1236.077344	512.000000 512.000000	1024 1024
411	1236.077344 1236.077344	512.000000 512.000000	1024 1024
412	1236.077344 1236.077344	512.000000 512.000000	1024 1024
413	1236.077344 1236.077344	512.000000 512.000000	1024 1024
414	1236.077344 1236.077344	512.000000 512.000000	1024 1024
415	1236.077344 1236.077344	512.000000 512.000000	1024 1024
416	1236.077344 1236.077344	512.000000 512.000000	1024 1024
417	1236.077344 1236.077344	512.000000 512.000000	1024 1024
418	1236.077344 1236.077344	512.000000 512.000000	1024 1024
419	1236.077344 1236.077344	512.000000 512.000000	1024 1024
420	1236.077344 1236.077344	512.000000 512.000000	1024 1024
421	1236.077344 1236.077344	512.000000 512.000000	1024 1024
422	1236.077344 1236.077344	512.000000 512.000000	1024 1024
423	1236.077344 1236.077344	512.000000 512.000000	1024 1024
424	1236.077344 1236.077344	512.000000 512.000000	1024 1024
425	1236.077344 1236.077344	512.000000 512.000000	1024 1024
426	1236.077344 1236.077344	512.000000 512.000000	1024 1024
427	1236.077344 1236.077344	512.000000 512.000000	1024 1024
428	1236.077344 1236.077344	512.000000 512.000000	1024 1024
429	1236.077344 1236.077344	512.000000 512.000000	1024 1024
430	1236.077344 1236.077344	512.000000 512.000000	1024 1024
431	1236.077344 1236.077344	512.000000 512.000000	1024 1024
432	1236.077344 1236.077344	512.000000 512.000000	1024 1024
433	1236.077344 1236.077344	512.000000 512.000000	1024 1024
434	1236.077344 1236.077344	512.000000 512.000000	1024 1024
435	1236.077344 1236.077344	512.000000 512.000000	1024 1024
436	1236.077344 1236.077344	512.000000 512.000000	1024 1024
437	1236.077344 1236.077344	512.000000 512.000000	1024 1024
438	1236.077344 1236.077344	512.000000 512.000000	1024 1024
439	1236.077344 1236.077344	512.000000 512.000000	1024 1024
440	1236.077344 1236.077344	512.000000 512.000000	1024 1024
441	1236.077344 1236.077344	512.000000 512.000000	1024 1024
442	1236.077344 1236.077344	512.000000 512.000000	1024 1024
443	1236.077344 1236.077344	512.000000 512.000000	1024 1024
444	1236.077344 1236.077344	512.000000 512.000000	1024 1024
445	1236.077344 1236.077344	512.000000 512.000000	1024 1024
446	1236.077344 1236.077344	512.000000 512.000000	1024 1024
447	1236.077344 1236.077344	512.000000 512.000000	1024 1024
448	1236.077344 1236.077344	512.000000 512.000000	1024 1024
449	1236.077344 1236.077344	512.000000 512.000000	1024 1024
450	1236.077344 1236.077344	512.000000 512.000000	1024 1024
451	1236.077344 1236.077344	512.000000 512.000000	1024 1024
452	1236.077344 1236.077344	512.000000 512.000000	1024 1024
453	1236.077344 1236.077344	512.000000 512.000000	1024 1024
454	1236.077344 1236.077344	512.000000 512.000000	1024 1024
455	1236.077344 1236.077344	512.000000 512.000000	1024 1024
456	1236.077344 1236.077344	512.000000 512.000000	1024 1024
457	1236.077344 1236.077344	512.000000 512.000000	1024 1024
458	1236.077344 1236.077344	512.000000 512.000000	1024 1024
459	1236.077344 1236.077344	512.000000 512.000000	1024 1024
460	1236.077344 1236.077344	512.000000 512.000000	1024 1024
461	1236.077344 1236.077344	512.000000 512.000000	1024 1024
462	1236.077344 1236.077344	512.000000 512.000000	1024 1024
463	1236.077344 1236.077344	512.000000 512.000000	1024 1024
464	1236.077344 1236.077344	512.000000 512.000000	1024 1024
465	1236.077344 1236.077344	512.000000 512.000000	1024 1024
466	1236.077344 1236.077344	512.000000 512.000000	1024 1024
467	1236.077344 1236.077344	512.000000 512.000000	1024 1024
468	1236.077344 1236.077344	512.000000 512.000000	1024 1024
469	1236.077344 1236.077344	512.000000 512.000000	1024 1024
470	1236.077344 1236.077344	512.000000 512.000000	1024 1024
471	1236.077344 1236.077344	512.000000 512.000000	1024 1024
472	1236.077344 1236.077344	512.000000 512.000000	1024 1024
473	1236.077344 1236.077344	512.000000 512.000000	1024 1024
474	1236.077344 1236.077344	512.000000 512.000000	1024 1024
475	1236.077344 1236.077344	512.000000 512.000000	1024 1024
476	1236.077344 1236.077344	512.000000 512.000000	1024 1024
477	1236.077344 1236.077344	512.000000 512.000000	1024 1024
478	1236.077344 1236.077344	512.000000 512.000000	1024 1024
479	1236.077344 1236.077344	512.000000 512.000000	1024 1024
480	1236.077344 1236.077344	512.000000 512.000000	1024 1024
481	1236.077344 1236.077344	512.000000 512.000000	1024 1024
482	1236.077344 1236.077344	512.000000 512.000000	1024 1024
483	1236.077344 1236.077344	512.000000 512.000000	1024 1024
484	1236.077344 1236.077344	512.000000 512.000000	1024 1024
485	1236.077344 1236.077344	512.000000 512.000000	1024 1024
486	1236.077344 1236.077344	512.000000 512.000000	1024 1024
487	1236.077344 1236.077344	512.000000 512.000000	1024 1024
488	1236.077344 1236.077344	512.000000 512.000000	1024 1024
489	1236.077344 1236.077344	512.000000 512.000000	1024 1024
490	1236.077344 1236.077344	512.000000 512.000000	1024 1024
491	1236.077344 1236.077344	512.000000 512.000000	1024 1024
492	1236.077344 1236.077344	512.000000 512.000000	1024 1024
493	1236.077344 1236.077344	512.000000 512.000000	1024 1024
494	1236.077344 1236.077344	512.000000 512.000000	1024 1024
495	1236.077344 1236.077344	512.000000 512.000000	1024 1024
496	1236.077344 1236.077344	512.000000 512.000000	1024 1024
497	1236.077344 1236.077344	512.000000 512.000000	1024 1024
498	1236.077344 1236.077344	512.000000 512.000000	1024 1024
499	1236.077344 1236.077344	512.000000 512.000000	1024 1024
500	1236.077344 1236.077344	512.000000 512.000000	1024 1024
501	1236.077344 1236.077344	512.000000 512.000000	1024 1024
502	1236.077344 1236.077344	512.000000 512.000000	1024 1024
503	1236.077344 1236.077344	512.000000 512.000000	1024 1024
504	1236.077344 1236.077344	512.000000 512.000000	1024 1024
505	1236.077344 1236.077344	512.000000 512.000000	1024 1024
506	1236.077344 1236.077344	512.000000 512.000000	1024 1024
507	1236.077344 1236.077344	512.000000 512.000000	1024 1024
508	1236.077344 1236.077344	512.000000 512.000000	1024 1024
509	1236.077344 1236.077344	512.000000 512.000000	1024 1024
510	1236.077344 1236.077344	512.000000 512.000000	1024 1024
511	1236.077344 1236.077344	512.000000 512.000000	1024 1024
512	1236.077344 1236.077344	512.000000 512.000000	1024 1024
513	1236.077344 1236.077344	512.000000 512.000000	1024 1024
514	1236.077344 1236.077344	512.000000 512.000000	1024 1024
515	1236.077344 1236.077344	512.000000 512.000000	1024 1024
516	1236.077344 1236.077344	512.000000 512.000000	1024 1024
517	1236.077344 1236.077344	512.000000 512.000000	1024 1024
518	1236.077344 1236.077344	512.000000 512.000000	1024 1024
519	1236.077344 1236.077344	512.000000 512.000000	1024 1024
520	1236.077344 1236.077344	512.000000 512.000000	1024 1024
521	1236.077344 1236.077344	512.000000 512.000000	1024 1024
522	1236.077344 1236.077344	512.000000 512.000000	1024 1024
523	1236.077344 1236.077344	512.000000 512.000000	1024 1024
524	1236.077344 1236.077344	512.000000 512.000000	1024 1024
525	1236.077344 1236.077344	512.000000 512.000000	1024 1024
526	1236.077344 1236.077344	512.000000 512.000000	1024 1024
527	1236.077344 1236.077344	512.000000 512.000000	1024 1024
528	1236.077344 1236.077344	512.000000 512.000000	1024 1024
529	1236.077344 1236.077344	512.000000 512.000000	1024 1024
530	1236.077344 1236.077344	512.000000 512.000000	1024 1024
531	1236.077344 1236.077344	512.000000 512.000000	1024 1024
532	1236.077344 1236.077344	512.000000 512.000000	1024 1024
533	1236.077344 1236.077344	512.000000 512.000000	1024 1024
534	1236.077344 1236.077344	512.000000 512.000000	1024 1024
535	1236.077344 1236.077344	512.000000 512.000000	1024 1024
536	1236.077344 1236.077344	512.000000 512.000000	1024 1024
537	1236.077344 1236.077344	512.000000 512.000000	1024 1024
538	1236.077344 1236.077344	512.000000 512.000000	1024 1024
539	1236.077344 1236.077344	512.000000 512.000000	1024 1024
540	1236.077344 1236.077344	512.000000 512.000000	1024 1024
541	1236.077344 1236.077344	512.000000 512.000000	1024 1024
542	1236.077344 1236.077344	512.000000 512.000000	1024 1024
543	1236.077344 1236.077344	512.000000 512.000000	1024 1024
544	1236.077344 1236.077344	512.000000 512.000000	1024 1024
545	1236.077344 1236.077344	512.000000 512.000000	1024 1024
546	1236.077344 1236.077344	512.000000 512.000000	1024 1024
547	1236.077344 1236.077344	512.000000 512.000000	1024 1024
548	1236.077344 1236.077344	512.000000 512.000000	1024 1024
549	1236.077344 1236.077344	512.000000 512.000000	1024 1024
550	1236.077344 1236.077344	512.000000 512.000000	1024 1024
551	1236.077344 1236.077344	512.000000 512.000000	1024 1024
552	1236.077344 1236.077344	512.000000 512.000000	1024 1024
553	1236.077344 1236.077344	512.000000 512.000000	1024 1024
554	1236.077344 1236.077344	512.000000 512.000000	1024 1024
555	1236.077344 1236.077344	512.000000 512.000000	1024 1024
556	1236.077344 1236.077344	512.000000 512.000000	1024 1024
557	1236.077344 1236.077344	512.000000 512.000000	1024 1024
558	1236.077344 1236.077344	512.000000 512.000000	1024 1024
559	1236.077344 1236.077344	512.000000 512.000000	1024 1024
560	1236.077344 1236.077344	512.000000 512.000000	1024 1024
561	1236.077344 1236.077344	512.000000 512.000000	1024 1024
562	1236.077344 1236.077344	512.000000 512.000000	1024 1024
563	1236.077344 1236.077344	512.000000 512.000000	1024 1024
564	1236.077344 1236.077344	512.000000 512.000000	1024 1024
565	1236.077344 1236.077344	512.000000 512.000000	1024 1024
566	1236.077344 1236.077344	512.000000 512.000000	1024 1024
567	1236.077344 1236.077344	512.000000 512.000000	1024 1024
568	1236.077344 1236.077344	512.000000 512.000000	1024 1024
569	1236.077344 1236.077344	512.000000 512.000000	1024 1024
570	1236.077344 1236.077344	512.000000 512.000000	1024 1024
571	1236.077344 1236.077344	512.000000 512.000000	1024 1024
572	1236.077344 1236.077344	512.000000 512.000000	1024 1024
573	1236.077344 1236.077344	512.000000 512.000000	1024 1024
574	1236.077344 1236.077344	512.000000 512.000000	1024 1024
575	1236.077344 1236.077344	512.000000 512.000000	1024 1024
576	1236.077344 1236.077344	512.000000 512.000000	1024 1024
577	1236.077344 1236.077344	512.000000 512.000000	1024 1024
578	1236.077344 1236.077344	512.000000 512.000000	1024 1024
579	1236.077344 1236.077344	512.000000 512.000000	1024 1024
580	1236.077344 1236.077344	512.000000 512.000000	1024 1024
581	1236.077344 1236.077344	512.000000 512.000000	1024 1024
582	1236.077344 1236.077344	512.000000 512.000000	1024 1024
583	1236.077344 1236.077344	512.000000 512.000000	1024 1024
584	1236.077344 1236.077344	512.000000 512.000000	1024 1024
585	1236.077344 1236.077344	512.000000 512.000000	1024 1024
586	1236.077344 1236.077344	512.000000 512.000000	1024 1024
587	1236.077344 1236.077344	512.000000 512.000000	1024 1024
588	1236.077344 1236.077344	512.000000 512.000000	1024 1024
589	1236.077344 1236.077344	512.000000 512.000000	1024 1024
590	1236.077344 1236.077344	512.000000 512.000000	1024 1024
591	1236.077344 1236.077344	512.000000 512.000000	1024 1024
592	1236.077344 1236.077344	512.000000 512.000000	1024 1024
593	1236.077344 1236.077344	512.000000 512.000000	1024 1024
594	1236.077344 1236.077344	512.000000 512.000000	1024 1024
595	1236.077344 1236.077344	512.000000 512.000000	1024 1024
596	1236.077344 1236.077344	512.000000 512.000000	1024 1024
597	1236.077344 1236.077344	512.000000 512.000000	1024 1024
598	1236.077344 1236.077344	512.000000 512.000000	1024 1024
599	1236.077344 1236.077344	512.000000 512.000000	1024 1024
600	1236.077344 1236.077344	512.000000 512.000000	1024 1024
601	1236.077344 1236.077344	512.000000 512.000000	1024 1024
602	1236.077344 1236.077344	512.000000 512.000000	1024 1024
603	1236.077344 1236.077344	512.000000 512.000000	1024 1024
604	1236.077344 1236.077344	512.000000 512.000000	1024 1024
605	1236.077344 1236.077344	512.000000 512.000000	1024 1024
606	1236.077344 1236.077344	512.000000 512.000000	1024 1024
607	1236.077344 1236.077344	512.000000 512.000000	1024 1024
608	1236.077344 1236.077344	512.000000 512.000000	1024 1024
609	1236.077344 1236.077344	512.000000 512.000000	1024 1024
610	1236.077344 1236.077344	512.000000 512.000000	1024 1024
611	1236.077344 1236.077344	512.000000 512.000000	1024 1024
612	1236.077344 1236.077344	512.000000 512.000000	1024 1024
613	1236.077344 1236.077344	512.000000 512.000000	1024 1024
614	1236.077344 1236.077344	512.000000 512.000000	1024 1024
615	1236.077344 1236.077344	512.000000 512.000000	1024 1024
616	1236.077344 1236.077344	512.000000 512.000000	1024 1024
617	1236.077344 1236.077344	512.000000 512.000000	1024 1024
618	1236.077344 1236.077344	512.000000 512.000000	1024 1024
619	1236.077344 1236.077344	512.000000 512.000000	1024 1024
620	1236.077344 1236.077344	512.000000 512.000000	1024 1024
621	1236.077344 1236.077344	512.000000 512.000000	1024 1024
622	1236.077344 1236.077344	512.000000 512.000000	1024 1024
623	1236.077344 1236.077344	512.000000 512.000000	1024 1024
624	1236.077344 1236.077344	512.000000 512.000000	1024 1024
625	1236.077344 1236.077344	512.000000 512.000000	1024 1024
626	1236.077344 1236.077344	512.000000 512.000000	1024 1024
627	1236.077344 1236.077344	512.000000 512.000000	1024 1024
628	1236.077344 1236.077344	512.000000 512.000000	1024 1024
629	1236.077344 1236.077344	512.000000 512.000000	1024 1024
630	1236.077344 1236.077344	512.000000 512.000000	1024 1024
631	1236.077344 1236.077344	512.000000 512.000000	1024 1024
632	1236.077344 1236.077344	512.000000 512.000000	1024 1024
633	1236.077344 1236.077344	512.000000 512.000000	1024 1024
634	1236.077344 1236.077344	512.000000 512.000000	1024 1024
635	1236.077344 1236.077344	512.000000 512.000000	1024 1024
636	1236.077344 1236.077344	512.000000 512.000000	1024 1024
637	1236.077344 1236.077344	512.000000 512.000000	1024 1024
638	1236.077344 1236.077344	512.000000 512.000000	1024 1024
639	1236.077344 1236.077344	512.000000 512.000000	1024 1024
640	1236.077344 1236.077344	512.000000 512.000000	1024 1024
641	1236.077344 1236.077344	512.000000 512.000000	1024 1024
642	1236.077344 1236.077344	512.000000 512.000000	1024 1024
643	1236.077344 1236.077344	512.000000 512.000000	1024 1024
644	1236.077344 1236.077344	512.000000 512.000000	1024 1024
645	1236.077344 1236.077344	512.000000 512.000000	1024 1024
646	1236.077344 1236.077344	512.000000 512.000000	1024 1024
647	1236.077344 1236.077344	512.000000 512.000000	1024 1024
648	1236.077344 1236.077344	512.000000 512.000000	1024 1024
649	1236.077344 1236.077344	512.000000 512.000000	1024 1024
650	1236.077344 1236.077344	512.000000 512.000000	1024 1024
651	1236.077344 1236.077344	512.000000 512.000000	1024 1024
652	1236.077344 1236.077344	512.000000 512.000000	1024 1024
653	1236.077344 1236.077344	512.000000 512.000000	1024 1024
654	1236.077344 1236.077344	512.000000 512.000000	1024 1024
655	1236.077344 1236.077344	512.000000 512.000000	1024 1024
656	1236.077344 1236.077344	512.000000 512.000000	1024 1024
657	1236.077344 1236.077344	512.000000 512.000000	1024 1024
658	1236.077344 1236.077344	512.000000 512.000000	1024 1024
659	1236.077344 1236.077344	512.000000 512.000000	1024 1024
660	1236.077344 1236.077344	512.000000 512.000000	1024 1024
661	1236.077344 1236.077344	512.000000 512.000000	1024 1024
662	1236.077344 1236.077344	512.000000 512.000000	1024 1024
663	1236.077344 1236.077344	512.000000 512.000000	1024 1024
664	1236.077344 1236.077344	512.000000 512.000000	1024 1024
665	1236.077344 1236.077344	512.000000 512.000000	1024 1024
666	1236.077344 1236.077344	512.000000 512.000000	1024 1024
667	1236.077344 1236.077344	512.000000 512.000000	1024 1024
668	1236.077344 1236.077344	512.000000 512.000000	1024 1024
669	1236.077344 1236.077344	512.000000 512.000000	1024 1024
670	1236.077344 1236.077344	512.000000 512.000000	1024 1024
671	1236.077344 1236.077344	512.000000 512.000000	1024 1024
672	1236.077344 1236.077344	512.000000 512.000000	1024 1024
673	1236.077344 1236.077344	512.000000 512.000000	1024 1024
674	1236.077344 1236.077344	512.000000 512.000000	1024 1024
675	1236.077344 1236.077344	512.000000 512.000000	1024 1024
676	1236.077344 1236.077344	512.000000 512.000000	1024 1024
677	1236.077344 1236.077344	512.000000 512.000000	1024 1024
678	1236.077344 1236.077344	512.000000 512.000000	1024 1024
679	1236.077344 1236.077344	512.000000 512.000000	1024 1024
680	1236.077344 1236.077344	512.000000 512.000000	1024 1024
681	1236.077344 1236.077344	512.000000 512.000000	1024 1024
682	1236.077344 1236.077344	512.000000 512.000000	1024 1024
683	1236.077344 1236.077344	512.000000 512.000000	1024 1024
684	1236.077344 1236.077344	512.000000 512.000000	1024 1024
685	1236.077344 1236.077344	512.000000 512.000000	1024 1024
686	1236.077344 1236.077344	512.000000 512.000000	1024 1024
687	1236.077344 1236.077344	512.000000 512.000000	1024 1024
688	1236.077344 1236.077344	512.000000 512.000000	1024 1024
689	1236.077344 1236.077344	512.000000 512.000000	1024 1024
690	1236.077344 1236.077344	512.000000 512.000000	1024 1024
691	1236.077344 1236.077344	512.000000 512.000000	1024 1024
692	1236.077344 1236.077344	512.000000 512.000000	1024 1024
693	1236.077344 1236.077344	512.000000 512.000000	1024 1024
694	1236.077344 1236.077344	512.000000 512.000000	1024 1024
695	1236.077344 1236.077344	512.000000 512.000000	1024 1024
696	1236.077344 1236.077344	512.000000 512.000000	1024 1024
697	1236.077344 1236.077344	512.000000 512.000000	1024 1024
698	1236.077344 1236.077344	512.000000 512.000000	1024 1024
699	1236.077344 1236.077344	512.000000 512.000000	1024 1024
700	1236.077344 1236.077344	512.000000 512.000000	1024 1024
701	1236.077344 1236.077344	512.000000 512.000000	1024 1024
702	1236.077344 1236.077344	512.000000 512.000000	1024 1024
703	1236.077344 1236.077344	512.000000 512.000000	1024 1024
704	1236.077344 1236.077344	512.000000 512.000000	1024 1024
705	1236.077344 1236.077344	512.000000 512.000000	1024 1024
706	1236.077344 1236.077344	512.000000 512.000000	1024 1024
707	1236.077344 1236.077344	512.000000 512.000000	1024 1024
708	1236.077344 1236.077344	512.000000 512.000000	1024 1024
709	1236.077344 1236.077344	512.000000 512.000000	1024 1024
710	1236.077344 1236.077344	512.000000 512.000000	1024 1024
711	1236.077344 1236.077344	512.000000 512.000000	1024 1024
712	1236.077344 1236.077344	512.000000 512.000000	1024 1024
713	1236.077344 1236.077344	512.000000 512.000000	1024 1024
714	1236.077344 1236.077344	512.000000 512.000000	1024 1024
715	1236.077344 1236.077344	512.000000 512.000000	1024 1024
716	1236.077344 1236.077344	512.000000 512.000000	1024 1024
717	1236.077344 1236.077344	512.000000 512.000000	1024 1024
718	1236.077344 1236.077344	512.000000 512.000000	1024 1024
719	1236.077344 1236.077344	512.000000 512.000000	1024 1024
720	1236.077344 1236.077344	512.000000 512.000000	1024 1024
721	1236.077344 1236.077344	512.000000 512.000000	1024 1024
722	1236.077344 1236.077344	512.000000 512.000000	1024 1024
723	1236.077344 1236.077344	512.000000 512.000000	1024 1024
724	1236.077344 1236.077344	512.000000 512.000000	1024 1024
725	1236.077344 1236.077344	512.000000 512.000000	1024 1024
726	1236.077344 1236.077344	512.000000 512.000000	1024 1024
727	1236.077344 1236.077344	512.000000 512.000000	1024 1024
728	1236.077344 1236.077344	512.000000 512.000000	1024 1024
729	1236.077344 1236.077344	512.000000 512.000000	1024 1024
730	1236.077344 1236.077344	512.000000 512.000000	1024 1024
731	1236.077344 1236.077344	512.000000 512.000000	1024 1024
732	1236.077344 1236.077344	512.000000 512.000000	1024 1024
733	1236.077344 1236.077344	512.000000 512.000000	1024 1024
734	1236.077344 1236.077344	512.000000 512.000000	1024 1024
735	1236.077344 1236.077344	512.000000 512.000000	1024 1024
736	1236.077344 1236.077344	512.000000 512.000000	1024 1024
737	1236.077344 1236.077344	512.000000 512.000000	1024 1024
738	1236.077344 1236.077344	512.000000 512.000000	1024 1024
739	1236.077344 1236.077344	512.000000 512.000000	1024 1024
740	1236.077344 1236.077344	512.000000 512.000000	1024 1024
741	1236.077344 1236.077344	512.000000 512.000000	1024 1024
742	1236.077344 1236.077344	512.000000 512.000000	1024 1024
743	1236.077344 1236.077344	512.000000 512.000000	1024 1024
744	1236.077344 1236.077344	512.000000 512.000000	1024 1024
745	1236.077344 1236.077344	512.000000 512.000000	1024 1024
746	1236.077344 1236.077344	512.000000 512.000000	1024 1024
747	1236.077344 1236.077344	512.000000 512.000000	1024 1024
748	1236.077344 1236.077344	512.000000 512.000000	1024 1024
749	1236.077344 1236.077344	512.000000 512.000000	1024 1024
750	1236.077344 1236.077344	512.000000 512.000000	1024 1024
751	1236.077344 1236.077344	512.000000 512.000000	1024 1024
752	1236.077344 1236.077344	512.000000 512.000000	1024 1024
753	1236.077344 1236.077344	512.000000 512.000000	1024 1024
754	1236.077344 1236.077344	512.000000 512.000000	1024 1024
755	1236.077344 1236.077344	512.000000 512.000000	1024 1024
756	1236.077344 1236.077344	512.000000 512.000000	1024 1024
757	1236.077344 1236.077344	512.000000 512.000000	1024 1024
758	1236.077344 1236.077344	512.000000 512.000000	1024 1024
759	1236.077344 1236.077344	512.000000 512.000000	1024 1024
760	1236.077344 1236.077344	512.000000 512.000000	1024 1024
761	1236.077344 1236.077344	512.000000 512.000000	1024 1024
762	1236.077344 1236.077344	512.000000 512.000000	1024 1024
763	1236.077344 1236.077344	512.000000 512.000000	1024 1024
764	1236.077344 1236.077344	512.000000 512.000000	1024 1024
765	1236.077344 1236.077344	512.000000 512.000000	1024 1024
766	1236.077344 1236.077344	512.000000 512.000000	1024 1024
767	1236.077344 1236.077344	512.000000 512.000000	1024 1024
768	1236.077344 1236.077344	512.000000 512.000000	1024 1024
769	1236.077344 1236.077344	512.000000 512.000000	1024 1024
770	1236.077344 1236.077344	512.000000 512.000000	1024 1024
771	1236.077344 1236.077344	512.000000 512.000000	1024 1024
772	1236.077344 1236.077344	512.000000 512.000000	1024 1024
773	1236.077344 1236.077344	512.000000 512.000000	1024 1024
774	1236.077344 1236.077344	512.000000 512.000000	1024 1024
775	1236.077344 1236.077344	512.000000 512.000000	1024 1024
776	1236.077344 1236.077344	512.000000 512.000000	1024 1024
777	1236.077344 1236.077344	512.000000 512.000000	1024 1024
778	1236.077344 1236.077344	512.000000 512.000000	1024 1024
779	1236.077344 1236.077344	512.000000 512.000000	1024 1024
780	1236.077344 1236.077344	512.000000 512.000000	1024 1024
781	1236.077344 1236.077344	512.000000 512.000000	1024 1024
782	1236.077344 1236.077344	512.000000 512.000000	1024 1024
783	1236.077344 1236.077344	512.000000 512.000000	1024 1024
784	1236.077344 1236.077344	512.000000 512.000000	1024 1024
785	1236.077344 1236.077344	512.000000 512.000000	1024 1024
786	1236.077344 1236.077344	512.000000 512.000000	1024 1024
787	1236.077344 1236.077344	512.000000 512.000000	1024 1024
788	1236.077344 1236.077344	512.000000 512.000000	1024 1024
789	1236.077344 1236.077344	512.000000 512.000000	1024 1024
790	1236.077344 1236.077344	512.000000 512.000000	1024 1024
791	1236.077344 1236.077344	512.000000 512.000000	1024 1024
792	1236.077344 1236.077344	512.000000 512.000000	1024 1024
793	1236.077344 1236.077344	512.000000 512.000000	1024 1024
794	1236.077344 1236.077344	512.000000 512.000000	1024 1024
795	1236.077344 1236.077344	512.000000 512.000000	1024 1024
796	1236.077344 1236.077344	512.000000 512.000000	1024 1024
797	1236.077344 1236.077344	512.000000 512.000000	1024 1024
798	1236.077344 1236.077344	512.000000 512.000000	1024 1024
799	1236.077344 1236.077344	512.000000 512.000000	1024 1024
